24 0.4875 0.441667 0.0484375 0.152778
24 0.570312 0.269444 0.05 0.0888889
24 0.238672 0.602778 0.0601562 0.319444
24 0.651563 0.388194 0.0421875 0.134722
24 0.090625 0.502083 0.0859375 0.165278
24 0.353906 0.564583 0.0796875 0.2625
24 0.53125 0.603472 0.1125 0.268056
15 0.277734 0.471528 0.172656 0.206944
24 0.925 0.277778 0.05625 0.113889
24 0.264453 0.616667 0.0789063 0.366667
11 0.90625 0.477083 0.1875 0.234722
24 0.280859 0.776389 0.0679687 0.319444
24 0.390234 0.338889 0.0320312 0.0833333
15 0.966406 0.431944 0.0671875 0.2
24 0.578125 0.420833 0.046875 0.188889
24 0.858594 0.236806 0.0421875 0.0847222
24 0.88125 0.477778 0.120312 0.180556
24 0.628125 0.813194 0.10625 0.3625
24 0.695312 0.35 0.0609375 0.108333
24 0.624609 0.48125 0.0632813 0.259722
24 0.0292969 0.625 0.0539063 0.208333
24 0.146484 0.478472 0.0710938 0.1625
24 0.0503906 0.835417 0.0851562 0.309722
24 0.370313 0.73125 0.075 0.315278
24 0.096875 0.633333 0.053125 0.202778
24 0.429688 0.549306 0.059375 0.256944
24 0.182031 0.645833 0.0796875 0.375
