24 0.0210938 0.379861 0.0421875 0.204167
24 0.312891 0.372917 0.0757812 0.140278
24 0.983984 0.363889 0.0320312 0.175
24 0.673437 0.358333 0.09375 0.161111
24 0.180469 0.422222 0.1125 0.188889
24 0.464063 0.626389 0.0859375 0.419444
24 0.874609 0.345139 0.0539063 0.170833
24 0.342187 0.580556 0.071875 0.263889
24 0.0554687 0.327778 0.0703125 0.152778
24 0.703125 0.702778 0.1 0.336111
24 0.925781 0.376389 0.0484375 0.183333
24 0.267188 0.399306 0.101562 0.173611
15 0.235547 0.267361 0.117969 0.104167
24 0.492969 0.354861 0.084375 0.156944
