14 0.486979 0.600926 0.0416667 0.0666667
15 0.511458 0.477315 0.0229167 0.0398148
15 0.556771 0.652778 0.040625 0.0351852
15 0.440365 0.552778 0.0317708 0.0444444
23 0.682031 0.841204 0.0203125 0.0175926
15 0.33724 0.738426 0.0984375 0.0824074
15 0.563802 0.537963 0.0234375 0.0388889
15 0.548958 0.606481 0.0354167 0.0518519
12 0.485938 0.599074 0.0427083 0.0703704
15 0.445833 0.862963 0.123958 0.164815
12 0.440104 0.653704 0.0510417 0.0925926
15 0.360417 0.599074 0.0364583 0.0518519
24 0.501562 0.688889 0.0229167 0.0796296
15 0.359635 0.671759 0.0484375 0.0657407
15 0.578906 0.509722 0.0265625 0.0435185
15 0.384635 0.698148 0.0661458 0.0555556
15 0.416667 0.747222 0.0635417 0.0777778
15 0.491667 0.500463 0.028125 0.0490741
14 0.465885 0.561574 0.0369792 0.0787037
15 0.479948 0.97037 0.0984375 0.0555556
15 0.439583 0.652315 0.0510417 0.0953704
15 0.390625 0.94537 0.0916667 0.105556
15 0.397917 0.831019 0.0864583 0.171296
15 0.532812 0.627315 0.04375 0.0675926
15 0.745313 0.760648 0.065625 0.0768519
15 0.577604 0.562037 0.0302083 0.05
14 0.442448 0.516204 0.0567708 0.106481
15 0.586979 0.593518 0.0322917 0.0537037
15 0.311719 0.795833 0.0619792 0.121296
15 0.485156 0.599074 0.0442708 0.0703704
24 0.484375 0.643056 0.0177083 0.0657407
15 0.408854 0.58287 0.0520833 0.0509259
15 0.754687 0.804167 0.0760417 0.100926
15 0.655469 0.765741 0.0578125 0.0907407
15 0.722396 0.923611 0.0875 0.147222
15 0.478125 0.751389 0.06875 0.0842593
14 0.529427 0.552778 0.0515625 0.114815
15 0.675521 0.832407 0.0729167 0.107407
14 0.572917 0.785185 0.132292 0.242593
15 0.613021 0.945833 0.0958333 0.10463
14 0.646354 0.656944 0.119792 0.150926
