15 0.53151 0.454167 0.0182292 0.0305556
15 0.577865 0.491667 0.0265625 0.0425926
23 0.578906 0.844444 0.0192708 0.0185185
15 0.56224 0.513889 0.0255208 0.0388889
15 0.558333 0.628241 0.0416667 0.0361111
15 0.513281 0.462037 0.0223958 0.0333333
15 0.375781 0.572685 0.0348958 0.0601852
15 0.744271 0.733796 0.0635417 0.0657407
15 0.451302 0.847685 0.136979 0.178704
24 0.502344 0.656944 0.0223958 0.0768519
14 0.465104 0.543981 0.0375 0.075
15 0.804948 0.848148 0.0911458 0.116667
15 0.551302 0.584259 0.0348958 0.0481481
12 0.453385 0.846759 0.129688 0.173148
15 0.360156 0.64537 0.0473958 0.0703704
14 0.443229 0.493981 0.05625 0.0972222
15 0.492708 0.493056 0.0270833 0.0638889
15 0.314063 0.778704 0.0614583 0.12037
15 0.38151 0.681481 0.0671875 0.0666667
24 0.483594 0.612963 0.0171875 0.0648148
15 0.392188 0.935648 0.0927083 0.126852
15 0.575521 0.534722 0.03125 0.0453704
15 0.584896 0.56713 0.0322917 0.0527778
15 0.536719 0.606944 0.0473958 0.0675926
15 0.479427 0.959722 0.101562 0.0805556
15 0.413021 0.563426 0.053125 0.0546296
14 0.527083 0.53287 0.053125 0.113889
15 0.402604 0.79537 0.09375 0.190741
15 0.488281 0.575926 0.0432292 0.0685185
15 0.442448 0.626389 0.0515625 0.0898148
15 0.751823 0.774537 0.0765625 0.0990741
15 0.652344 0.739815 0.0578125 0.0907407
15 0.477344 0.726389 0.0703125 0.0842593
15 0.615365 0.930556 0.0932292 0.133333
15 0.672656 0.805093 0.0703125 0.100926
15 0.717188 0.891667 0.0864583 0.144444
14 0.636979 0.630093 0.1125 0.149074
14 0.569271 0.756481 0.122917 0.233333
