15 0.580729 0.576852 0.0322917 0.0444444
15 0.411198 0.755556 0.0744792 0.087037
15 0.402604 0.551852 0.0302083 0.0333333
14 0.492188 0.549074 0.028125 0.0666667
15 0.532812 0.477315 0.01875 0.0305556
15 0.434896 0.55463 0.0385417 0.0425926
15 0.750521 0.768056 0.065625 0.0787037
14 0.465365 0.566204 0.0401042 0.0787037
12 0.465104 0.565741 0.0385417 0.0796296
15 0.438802 0.862037 0.134896 0.164815
15 0.663021 0.768981 0.05 0.0731481
15 0.364062 0.599074 0.0458333 0.0518519
15 0.540885 0.640278 0.0484375 0.0657407
14 0.445573 0.861574 0.123438 0.163889
15 0.559635 0.664815 0.0421875 0.0388889
15 0.590625 0.599537 0.0322917 0.0527778
15 0.402604 0.811574 0.0916667 0.182407
15 0.2625 0.891667 0.0895833 0.155556
15 0.582292 0.515278 0.0291667 0.0435185
15 0.51224 0.481944 0.0234375 0.0416667
15 0.528125 0.630556 0.0354167 0.0666667
24 0.49349 0.656018 0.0203125 0.0787037
15 0.565885 0.544907 0.0255208 0.0435185
15 0.550521 0.613889 0.03125 0.0537037
15 0.492448 0.5 0.0286458 0.0462963
15 0.334896 0.741204 0.0864583 0.0805556
15 0.39375 0.70463 0.0697917 0.0592593
15 0.480729 0.971296 0.0989583 0.0537037
15 0.359635 0.674074 0.0484375 0.0648148
14 0.441146 0.516204 0.0583333 0.106481
15 0.408333 0.581944 0.0541667 0.0509259
15 0.483073 0.757407 0.0671875 0.0907407
15 0.481771 0.602315 0.0416667 0.0694444
15 0.389844 0.946759 0.0911458 0.102778
15 0.310156 0.797685 0.0661458 0.119444
15 0.438281 0.658796 0.0536458 0.0990741
15 0.761458 0.815741 0.078125 0.107407
14 0.530729 0.556481 0.0552083 0.107407
15 0.679948 0.842593 0.0713542 0.109259
14 0.580208 0.798148 0.1375 0.248148
15 0.728646 0.931944 0.0916667 0.134259
15 0.616406 0.952778 0.0963542 0.0888889
14 0.654167 0.671296 0.117708 0.174074
