15 0.532552 0.477778 0.0182292 0.0314815
14 0.442969 0.864352 0.129688 0.163889
15 0.403385 0.551852 0.0307292 0.0351852
15 0.411979 0.752778 0.0739583 0.0814815
15 0.361979 0.600463 0.0416667 0.0490741
15 0.579948 0.574537 0.0307292 0.0472222
15 0.750521 0.766667 0.065625 0.0759259
15 0.558333 0.663426 0.0416667 0.037963
15 0.434375 0.555556 0.0354167 0.0425926
15 0.66276 0.768056 0.0494792 0.0768519
15 0.2625 0.890741 0.0895833 0.159259
15 0.589844 0.600926 0.0317708 0.0537037
15 0.491927 0.502315 0.0286458 0.0472222
15 0.511719 0.48287 0.0244792 0.0416667
14 0.465625 0.567593 0.0385417 0.0777778
15 0.565365 0.544907 0.0255208 0.0435185
15 0.399479 0.82963 0.0885417 0.174074
15 0.335938 0.741667 0.0916667 0.0814815
15 0.58151 0.513889 0.0286458 0.0462963
15 0.44401 0.862963 0.125521 0.162963
24 0.490885 0.653704 0.0192708 0.0722222
15 0.392448 0.706019 0.0692708 0.062037
14 0.441146 0.513889 0.0572917 0.101852
15 0.551042 0.614352 0.0322917 0.0564815
15 0.359115 0.674537 0.0473958 0.062037
15 0.480469 0.971296 0.0984375 0.0537037
15 0.408333 0.58287 0.0541667 0.0509259
15 0.528906 0.631944 0.0369792 0.0657407
15 0.481771 0.75787 0.065625 0.0898148
15 0.482812 0.602778 0.0427083 0.0722222
15 0.310677 0.797222 0.0640625 0.122222
15 0.390104 0.946759 0.0916667 0.102778
15 0.438542 0.658796 0.053125 0.0972222
14 0.530208 0.556481 0.0552083 0.107407
15 0.759375 0.813889 0.0770833 0.107407
15 0.678906 0.840741 0.0723958 0.109259
15 0.727344 0.931481 0.0901042 0.135185
15 0.614844 0.951852 0.0973958 0.0907407
14 0.652344 0.668519 0.118229 0.168519
14 0.577865 0.796296 0.135937 0.242593
