23 0.616667 0.924074 0.0260417 0.0166667
15 0.796094 0.806944 0.0880208 0.112037
15 0.572135 0.508796 0.0286458 0.0453704
14 0.492969 0.549074 0.0390625 0.0666667
15 0.495052 0.466667 0.0244792 0.062963
15 0.38151 0.551852 0.0328125 0.0592593
15 0.49349 0.549537 0.0401042 0.0675926
12 0.461979 0.823148 0.129167 0.177778
14 0.464063 0.518056 0.0385417 0.0731481
15 0.48125 0.945833 0.104167 0.106481
24 0.502865 0.622222 0.0223958 0.0740741
24 0.486198 0.581944 0.0171875 0.0657407
14 0.638021 0.613889 0.109375 0.161111
15 0.474479 0.701389 0.0677083 0.0824074
15 0.535417 0.581019 0.0427083 0.0675926
15 0.745313 0.740278 0.0677083 0.0990741
15 0.583854 0.536574 0.0333333 0.0527778
15 0.554948 0.561111 0.0328125 0.0537037
15 0.619271 0.904167 0.0916667 0.149074
14 0.444792 0.47037 0.05625 0.0925926
15 0.416146 0.542593 0.0510417 0.0518519
15 0.714323 0.854167 0.0859375 0.149074
15 0.445833 0.599074 0.0510417 0.0888889
14 0.528385 0.508333 0.0515625 0.103704
15 0.670313 0.775926 0.06875 0.101852
15 0.649479 0.710185 0.0604167 0.0851852
14 0.566406 0.721296 0.120312 0.233333
