15 0.579167 0.475926 0.0229167 0.0388889
15 0.573958 0.516667 0.0291667 0.0444444
15 0.379427 0.6625 0.0671875 0.0675926
24 0.502604 0.633796 0.021875 0.075
23 0.575 0.822222 0.01875 0.0185185
14 0.466406 0.527315 0.0442708 0.075
15 0.373437 0.560648 0.0427083 0.0546296
15 0.553125 0.57037 0.0354167 0.0537037
15 0.617708 0.916667 0.0916667 0.151852
15 0.415104 0.549074 0.0541667 0.0537037
24 0.484896 0.59213 0.0177083 0.0657407
12 0.458333 0.82963 0.13125 0.175926
15 0.476562 0.709259 0.0697917 0.0851852
15 0.715104 0.865278 0.0864583 0.150926
15 0.584635 0.546296 0.0328125 0.0537037
14 0.442969 0.477315 0.0578125 0.0953704
15 0.5375 0.588889 0.0447917 0.0685185
15 0.480208 0.948611 0.102083 0.0990741
15 0.65026 0.718982 0.0619792 0.0898148
15 0.746615 0.748148 0.0703125 0.105556
15 0.445312 0.606944 0.0510417 0.0898148
15 0.492188 0.559259 0.0427083 0.0611111
14 0.528125 0.516204 0.0520833 0.106481
14 0.635677 0.6125 0.0973958 0.139815
15 0.671354 0.786574 0.0708333 0.102778
14 0.567448 0.735185 0.119271 0.237037
