15 0.381771 0.665741 0.065625 0.0592593
15 0.378906 0.5625 0.0328125 0.0564815
15 0.39401 0.929167 0.0921875 0.137963
24 0.503125 0.639815 0.021875 0.0759259
15 0.550781 0.578241 0.0380208 0.0601852
14 0.466667 0.530093 0.0427083 0.075
15 0.584375 0.551852 0.034375 0.0537037
12 0.457031 0.8375 0.131771 0.175
24 0.484115 0.599074 0.0171875 0.0648148
15 0.616667 0.92037 0.090625 0.151852
14 0.44375 0.479167 0.0583333 0.0953704
15 0.5375 0.592593 0.0458333 0.0703704
15 0.715885 0.874537 0.0848958 0.149074
15 0.478125 0.714815 0.0708333 0.087037
15 0.414323 0.553241 0.0546875 0.0546296
14 0.634375 0.615741 0.1 0.140741
14 0.527344 0.521759 0.0557292 0.112037
15 0.747396 0.749537 0.0708333 0.113889
15 0.490625 0.5625 0.040625 0.062037
15 0.480208 0.951389 0.101042 0.0935185
14 0.566927 0.741204 0.121354 0.234259
15 0.650781 0.725463 0.0567708 0.0898148
15 0.444271 0.612963 0.0510417 0.0888889
15 0.671615 0.791667 0.0703125 0.105556
