15 0.636328 0.277778 0.0789063 0.0861111
24 0.0386719 0.350694 0.0773437 0.1625
24 0.709375 0.388889 0.0359375 0.183333
24 0.394922 0.270139 0.0492188 0.148611
24 0.0585938 0.744444 0.117188 0.258333
24 0.578906 0.359028 0.0390625 0.148611
24 0.709375 0.795139 0.179688 0.293056
24 0.53125 0.297222 0.0625 0.125
24 0.183594 0.645833 0.09375 0.311111
24 0.129297 0.515278 0.152344 0.236111
24 0.236328 0.313889 0.114844 0.163889
24 0.267188 0.659722 0.15 0.338889
24 0.810547 0.661111 0.0976562 0.261111
24 0.647266 0.436111 0.0742188 0.194444
24 0.439063 0.620139 0.120312 0.245833
24 0.533203 0.475 0.0617188 0.241667
24 0.442187 0.33125 0.0796875 0.134722
24 0.755078 0.431944 0.0507812 0.202778
