15 0.758203 0.420139 0.108594 0.209722
24 0.771094 0.33125 0.059375 0.120833
37 0.637109 0.199306 0.0945313 0.140278
24 0.408594 0.267361 0.021875 0.0736111
24 0.109766 0.415972 0.0695312 0.115278
24 0.719531 0.23125 0.0515625 0.0986111
24 0.769141 0.79375 0.132031 0.198611
15 0.782812 0.221528 0.08125 0.0875
24 0.556641 0.759722 0.107031 0.263889
24 0.806641 0.268056 0.0304688 0.108333
24 0.699609 0.339583 0.0648438 0.115278
24 0.433203 0.270139 0.0195312 0.0763889
24 0.223828 0.463889 0.0742188 0.191667
24 0.549219 0.282639 0.021875 0.0819444
24 0.866406 0.695139 0.10625 0.226389
15 0.115625 0.320139 0.0765625 0.0819444
24 0.265625 0.306944 0.0203125 0.0805556
24 0.519922 0.252778 0.0148437 0.0583333
15 0.176953 0.302778 0.0757812 0.0722222
24 0.372266 0.3875 0.0445312 0.138889
24 0.51875 0.663194 0.1375 0.240278
24 0.270703 0.4125 0.0367187 0.15
24 0.577734 0.359722 0.0679687 0.141667
15 0.350391 0.279167 0.107031 0.0861111
24 0.493359 0.327778 0.0320312 0.122222
24 0.328516 0.370139 0.0648438 0.1375
24 0.46875 0.291667 0.0296875 0.116667
