24 0.393987 0.448136 0.0242616 0.0632091
15 0.139768 0.574554 0.0938819 0.076175
15 0.480485 0.312804 0.0348101 0.0388979
24 0.953587 0.947326 0.0886076 0.105348
24 0.286392 0.556726 0.0580169 0.111831
15 0.718354 0.354133 0.0421941 0.0599676
15 0.408755 0.432739 0.0474684 0.0648298
37 0.625527 0.589951 0.0991561 0.171799
24 0.197785 0.582658 0.0263713 0.089141
15 0.779536 0.441653 0.035865 0.0437601
24 0.275316 0.580227 0.035865 0.103728
24 0.435654 0.566451 0.0696203 0.115073
15 0.459916 0.358185 0.056962 0.0713128
15 0.630802 0.360616 0.0485232 0.0696921
24 0.75 0.602107 0.0379747 0.10859
24 0.320675 0.492707 0.0379747 0.0745543
24 0.667722 0.430308 0.035865 0.0632091
31 0.872363 0.721232 0.0421941 0.175041
24 0.529536 0.443274 0.0274262 0.0696921
24 0.701477 0.503241 0.0337553 0.0858995
24 0.745781 0.754457 0.0632911 0.189627
24 0.671941 0.47893 0.0274262 0.0858995
24 0.752637 0.466775 0.0179325 0.0583468
24 0.638713 0.431118 0.0221519 0.0680713
24 0.350738 0.455429 0.0221519 0.0713128
15 0.579641 0.330632 0.0327004 0.0388979
24 0.810654 0.648298 0.0432489 0.123177
15 0.942511 0.727715 0.100211 0.103728
24 0.0590717 0.925446 0.0864979 0.142626
15 0.732595 0.509724 0.0453587 0.089141
24 0.744726 0.641815 0.0632911 0.155592
24 0.77057 0.464344 0.0179325 0.0599676
24 0.443565 0.423825 0.0200422 0.0534846
24 0.816456 0.759319 0.0485232 0.137763
15 0.616034 0.498379 0.122363 0.0923825
15 0.436181 0.567261 0.0685654 0.110211
24 0.735759 0.905186 0.0791139 0.176661
24 0.235232 0.684765 0.0400844 0.183144
24 0.37289 0.485413 0.0263713 0.082658
24 0.122363 0.697731 0.0443038 0.160454
24 0.792194 0.510535 0.0232068 0.0810373
15 0.469937 0.43517 0.0411392 0.0567261
24 0.3423 0.572123 0.0390295 0.110211
24 0.19462 0.667747 0.0432489 0.136143
24 0.375 0.658023 0.0453587 0.145867
24 0.873418 0.715559 0.0464135 0.179903
24 0.601266 0.773096 0.0654008 0.197731
24 0.824894 0.854943 0.056962 0.199352
24 0.692511 0.779579 0.0516878 0.181524
24 0.929852 0.807131 0.0516878 0.158833
24 0.263186 0.675851 0.0453587 0.158833
24 0.635549 0.740681 0.0432489 0.165316
24 0.561709 0.632901 0.085443 0.128039
24 0.309072 0.627228 0.035865 0.132901
24 0.0685654 0.790924 0.056962 0.171799
24 0.183017 0.796596 0.0559072 0.183144
15 0.440928 0.49919 0.0801688 0.0972447
