24 0.501302 0.693519 0.0234375 0.0796296
15 0.511198 0.481481 0.0234375 0.0407407
15 0.658073 0.768519 0.0546875 0.0851852
15 0.359375 0.668056 0.0479167 0.0731481
15 0.4 0.831944 0.090625 0.171296
15 0.747656 0.763889 0.0661458 0.0759259
15 0.385677 0.703241 0.0682292 0.0583333
12 0.484375 0.600463 0.0416667 0.075
15 0.579948 0.5125 0.0286458 0.0453704
15 0.480208 0.970833 0.0979167 0.0546296
14 0.441146 0.516667 0.05625 0.105556
15 0.492188 0.502315 0.0270833 0.0490741
15 0.529948 0.630093 0.0380208 0.0657407
15 0.58776 0.597222 0.0317708 0.0518519
15 0.390104 0.946296 0.0916667 0.103704
24 0.485938 0.648148 0.01875 0.0666667
15 0.439583 0.656018 0.0520833 0.0953704
15 0.408854 0.584259 0.053125 0.0518519
15 0.311198 0.796759 0.0630208 0.125
15 0.478646 0.755093 0.06875 0.0898148
15 0.757031 0.80787 0.0755208 0.100926
15 0.724479 0.928241 0.0885417 0.139815
15 0.676823 0.8375 0.0734375 0.110185
14 0.530469 0.556481 0.0515625 0.107407
14 0.574219 0.789815 0.134896 0.242593
14 0.648958 0.662037 0.119792 0.157407
15 0.613802 0.949537 0.0963542 0.0972222
