15 0.403906 0.547685 0.0296875 0.037963
14 0.465885 0.55787 0.0359375 0.0768519
15 0.334896 0.735185 0.090625 0.0814815
15 0.383073 0.694444 0.0682292 0.0611111
15 0.442187 0.551389 0.0291667 0.0453704
14 0.442187 0.506481 0.05625 0.1
24 0.501823 0.687037 0.0223958 0.087037
15 0.311198 0.792593 0.0640625 0.12037
15 0.485938 0.593982 0.0427083 0.0712963
15 0.533073 0.625 0.0432292 0.0666667
15 0.577083 0.557407 0.03125 0.0481481
15 0.359375 0.658796 0.0489583 0.0824074
15 0.586458 0.589815 0.0333333 0.0537037
15 0.54974 0.604167 0.0338542 0.0527778
24 0.483333 0.635185 0.0177083 0.0685185
15 0.721354 0.918056 0.0864583 0.150926
15 0.65599 0.758333 0.0588542 0.087037
15 0.614062 0.94213 0.0947917 0.113889
15 0.411198 0.580556 0.0494792 0.0481481
15 0.440365 0.648611 0.0526042 0.0935185
15 0.477604 0.748611 0.0697917 0.0861111
14 0.571615 0.777778 0.129688 0.244444
15 0.752865 0.795833 0.0744792 0.10463
14 0.529948 0.549074 0.0494792 0.112963
14 0.64401 0.655556 0.118229 0.153704
15 0.67474 0.828704 0.0723958 0.105556
