15 0.402604 0.8125 0.0916667 0.182407
15 0.559635 0.663889 0.0421875 0.0388889
15 0.590365 0.600463 0.0317708 0.0527778
15 0.445573 0.8625 0.123438 0.163889
15 0.582031 0.514815 0.0286458 0.0444444
15 0.511979 0.481944 0.0239583 0.0416667
15 0.566146 0.544907 0.0260417 0.0435185
15 0.492188 0.500463 0.028125 0.0472222
24 0.492969 0.656018 0.0203125 0.0787037
15 0.336198 0.740741 0.0880208 0.0796296
15 0.528125 0.631019 0.0354167 0.0657407
15 0.550781 0.613889 0.0317708 0.0555556
15 0.480729 0.971296 0.0989583 0.0537037
15 0.359635 0.673611 0.0484375 0.0638889
14 0.441406 0.516204 0.0578125 0.106481
15 0.39375 0.705093 0.06875 0.0601852
15 0.408333 0.582407 0.0541667 0.05
15 0.482812 0.757407 0.0666667 0.0907407
15 0.482292 0.602315 0.0416667 0.0694444
15 0.389844 0.946296 0.0911458 0.103704
15 0.310417 0.796759 0.065625 0.121296
15 0.760938 0.814815 0.078125 0.107407
15 0.438281 0.658333 0.0536458 0.0981481
14 0.530729 0.556481 0.0552083 0.107407
15 0.679948 0.84213 0.0713542 0.110185
15 0.728385 0.931944 0.0911458 0.134259
15 0.616146 0.952778 0.0958333 0.0888889
14 0.579427 0.797685 0.135937 0.247222
14 0.653646 0.669907 0.11875 0.173148
