15 0.435156 0.555556 0.0338542 0.0425926
15 0.491406 0.498148 0.0276042 0.0425926
15 0.579687 0.572222 0.0302083 0.0481481
15 0.2625 0.891204 0.0895833 0.160185
15 0.33724 0.74213 0.0859375 0.0805556
15 0.749479 0.767593 0.0666667 0.0777778
15 0.564844 0.543519 0.0255208 0.0444444
15 0.511198 0.482407 0.0244792 0.0425926
15 0.445052 0.864352 0.124479 0.163889
15 0.400521 0.828704 0.090625 0.175926
15 0.58099 0.513889 0.0286458 0.0444444
14 0.465625 0.567593 0.0385417 0.0777778
15 0.359115 0.671759 0.0484375 0.0657407
15 0.589583 0.600463 0.03125 0.0527778
24 0.489583 0.652315 0.01875 0.0712963
15 0.392448 0.708333 0.0692708 0.0648148
14 0.440625 0.515278 0.05625 0.10463
15 0.480208 0.971296 0.0979167 0.0537037
15 0.408594 0.583333 0.0536458 0.0518519
15 0.550781 0.614352 0.0328125 0.0564815
15 0.48099 0.757407 0.0661458 0.0925926
15 0.529167 0.631944 0.0375 0.0657407
15 0.483594 0.602315 0.0421875 0.0712963
15 0.310937 0.797685 0.0635417 0.121296
15 0.389844 0.946759 0.0921875 0.102778
15 0.438802 0.658333 0.0526042 0.0981481
15 0.758594 0.812963 0.0765625 0.105556
14 0.530208 0.556019 0.0541667 0.10463
15 0.678385 0.839352 0.0713542 0.108333
15 0.726562 0.931944 0.0895833 0.136111
14 0.651823 0.66713 0.120312 0.165741
15 0.614844 0.950926 0.0973958 0.0925926
14 0.577083 0.794907 0.136458 0.243519
