14 0.465885 0.529167 0.0411458 0.075
24 0.484375 0.597685 0.0177083 0.0657407
15 0.414062 0.551389 0.05625 0.0546296
15 0.584896 0.55 0.0333333 0.0537037
15 0.616667 0.919907 0.090625 0.150926
12 0.458333 0.835648 0.13125 0.176852
15 0.715365 0.871759 0.0848958 0.149074
15 0.5375 0.591667 0.0458333 0.0666667
14 0.442969 0.478241 0.0578125 0.0953704
15 0.65026 0.723611 0.0567708 0.087963
15 0.477865 0.713889 0.0703125 0.0888889
15 0.44375 0.610648 0.05 0.0898148
15 0.747396 0.752778 0.0708333 0.1
15 0.491146 0.561111 0.040625 0.0611111
14 0.634115 0.615278 0.103646 0.139815
15 0.480729 0.951389 0.1 0.0935185
14 0.528125 0.52037 0.0541667 0.111111
15 0.671354 0.788889 0.0708333 0.103704
14 0.567187 0.739815 0.120833 0.231481
