15 0.402865 0.814352 0.0921875 0.187963
12 0.44375 0.86713 0.129167 0.169444
12 0.484375 0.602315 0.0427083 0.0731481
14 0.465885 0.567593 0.0401042 0.0777778
15 0.491406 0.5 0.0276042 0.0444444
15 0.510938 0.481481 0.0239583 0.0425926
15 0.748438 0.766204 0.0666667 0.0768519
15 0.578906 0.570833 0.0286458 0.0490741
15 0.660937 0.768981 0.0510417 0.0824074
15 0.580729 0.513889 0.028125 0.0462963
15 0.359115 0.67037 0.0473958 0.0722222
15 0.390885 0.700926 0.0671875 0.0555556
15 0.588281 0.599074 0.0307292 0.05
24 0.48776 0.65 0.0182292 0.0685185
14 0.440885 0.518056 0.0567708 0.110185
15 0.408594 0.584259 0.0536458 0.0518519
15 0.480208 0.971296 0.0979167 0.0537037
15 0.551042 0.613889 0.0322917 0.0555556
15 0.439063 0.657407 0.0520833 0.0962963
15 0.311458 0.796759 0.0614583 0.125
15 0.529167 0.631944 0.0375 0.0657407
15 0.389844 0.946759 0.0921875 0.102778
15 0.479948 0.756481 0.0682292 0.0907407
15 0.757812 0.810648 0.0770833 0.10463
15 0.677604 0.838426 0.0729167 0.110185
14 0.530729 0.556019 0.0520833 0.10463
15 0.725521 0.930093 0.0885417 0.137963
14 0.651302 0.665278 0.119271 0.162037
15 0.613802 0.951389 0.0973958 0.0935185
14 0.57526 0.793519 0.136979 0.244444
