24 0.502344 0.651852 0.0234375 0.0796296
12 0.454688 0.841667 0.129167 0.17037
14 0.443229 0.481944 0.0572917 0.0972222
15 0.403646 0.793981 0.0947917 0.19537
15 0.573698 0.531944 0.0286458 0.0435185
24 0.484115 0.606944 0.0171875 0.0657407
15 0.535417 0.601852 0.04375 0.0648148
14 0.525781 0.525 0.0546875 0.111111
15 0.551562 0.580556 0.034375 0.0518519
15 0.584635 0.560185 0.0348958 0.0537037
15 0.716667 0.88287 0.0854167 0.149074
15 0.479688 0.954167 0.101042 0.0861111
15 0.41276 0.559259 0.0526042 0.0518519
15 0.489323 0.569907 0.0432292 0.0675926
15 0.442708 0.618981 0.0510417 0.0935185
15 0.74974 0.756019 0.0765625 0.119444
15 0.615365 0.928241 0.0921875 0.139815
15 0.478125 0.724537 0.0697917 0.087963
15 0.651563 0.733333 0.0572917 0.0907407
15 0.671875 0.798611 0.0697917 0.10463
14 0.567708 0.748148 0.122917 0.235185
14 0.638281 0.630556 0.114063 0.155556
