15 0.338281 0.721296 0.0973958 0.0777778
15 0.551562 0.585185 0.034375 0.0481481
12 0.452604 0.848611 0.128125 0.175
14 0.465365 0.545833 0.0380208 0.075
15 0.492188 0.493981 0.0270833 0.0638889
15 0.375 0.574537 0.0364583 0.0583333
15 0.360417 0.644907 0.046875 0.0675926
14 0.44349 0.493519 0.0546875 0.101852
15 0.380208 0.683796 0.0708333 0.0675926
15 0.57526 0.535648 0.0307292 0.0435185
15 0.413281 0.564815 0.0526042 0.0537037
24 0.483333 0.613889 0.0166667 0.0648148
15 0.538021 0.609259 0.05 0.0666667
15 0.584896 0.568056 0.0322917 0.0527778
15 0.479688 0.959722 0.101042 0.0787037
15 0.314063 0.781482 0.0614583 0.116667
14 0.526563 0.534722 0.0541667 0.117593
15 0.402604 0.79537 0.09375 0.194444
15 0.391927 0.936574 0.0911458 0.125
15 0.488281 0.577315 0.0432292 0.0694444
15 0.751823 0.774537 0.0765625 0.102778
15 0.442187 0.627315 0.0520833 0.0898148
15 0.652865 0.74213 0.0588542 0.0916667
15 0.477083 0.728704 0.06875 0.087037
15 0.615104 0.931019 0.0927083 0.132407
15 0.672396 0.806481 0.0708333 0.101852
15 0.717188 0.893981 0.0864583 0.14537
14 0.569531 0.760185 0.122396 0.233333
14 0.636719 0.631019 0.113021 0.147222
