15 0.556771 0.658796 0.0416667 0.0361111
15 0.511198 0.481481 0.0234375 0.0407407
15 0.748177 0.763889 0.0661458 0.0740741
12 0.484375 0.601852 0.0427083 0.0722222
15 0.385938 0.703241 0.0677083 0.0564815
15 0.359375 0.669907 0.0479167 0.0712963
15 0.659115 0.768519 0.0526042 0.0814815
14 0.441146 0.516204 0.05625 0.102778
15 0.579948 0.5125 0.0286458 0.0453704
15 0.491927 0.502315 0.0276042 0.0490741
15 0.479948 0.970833 0.0973958 0.0546296
15 0.550781 0.612037 0.0317708 0.0537037
24 0.486719 0.649074 0.0182292 0.0666667
15 0.390104 0.946296 0.0916667 0.103704
15 0.588021 0.597685 0.03125 0.0509259
15 0.408594 0.584259 0.0536458 0.0518519
15 0.528646 0.630093 0.0364583 0.0657407
15 0.439583 0.656482 0.0520833 0.0944444
15 0.311198 0.796759 0.0630208 0.125
15 0.478906 0.755556 0.0692708 0.0888889
15 0.757292 0.808796 0.0760417 0.102778
15 0.72474 0.928241 0.0880208 0.139815
14 0.530469 0.556481 0.0515625 0.107407
15 0.676823 0.8375 0.0734375 0.110185
14 0.57526 0.790278 0.136979 0.243519
14 0.65026 0.662037 0.118229 0.155556
15 0.613542 0.95 0.096875 0.0962963
