15 0.401823 0.799537 0.0921875 0.184259
15 0.373958 0.564815 0.0395833 0.0592593
15 0.573438 0.529167 0.0302083 0.0435185
14 0.465104 0.534259 0.0364583 0.0740741
24 0.502604 0.647685 0.0229167 0.0768519
15 0.39349 0.932407 0.0921875 0.131481
12 0.455208 0.840741 0.130208 0.172222
14 0.442708 0.481019 0.0572917 0.0953704
24 0.484115 0.605556 0.0171875 0.062963
15 0.535417 0.600463 0.04375 0.0657407
14 0.526302 0.523611 0.0546875 0.110185
15 0.584635 0.558796 0.0348958 0.0527778
15 0.413281 0.557407 0.0536458 0.0537037
15 0.552083 0.579167 0.034375 0.0527778
15 0.75026 0.754167 0.0765625 0.117593
15 0.716667 0.881019 0.0854167 0.149074
15 0.489583 0.567593 0.0427083 0.0648148
15 0.615365 0.926852 0.0921875 0.140741
15 0.480208 0.953704 0.101042 0.087037
15 0.478385 0.722222 0.0682292 0.0888889
15 0.443229 0.617593 0.0520833 0.0907407
15 0.651823 0.731944 0.0578125 0.0916667
15 0.671875 0.797222 0.0697917 0.103704
14 0.566927 0.747222 0.123438 0.235185
14 0.63724 0.626389 0.107813 0.149074
