24 0.485677 0.587963 0.0171875 0.0666667
15 0.416927 0.547685 0.0515625 0.0527778
15 0.553646 0.566204 0.034375 0.0527778
15 0.714844 0.862037 0.0848958 0.148148
15 0.480469 0.948148 0.102604 0.1
15 0.746354 0.744907 0.0677083 0.10463
15 0.583594 0.543519 0.0338542 0.0537037
15 0.492708 0.555556 0.0427083 0.0648148
15 0.444531 0.603704 0.0494792 0.0888889
15 0.534635 0.584722 0.0411458 0.0694444
14 0.6375 0.613426 0.0989583 0.149074
14 0.442708 0.474074 0.0583333 0.0962963
15 0.650781 0.716204 0.0598958 0.087963
14 0.528125 0.513426 0.0520833 0.100926
15 0.670833 0.78287 0.0697917 0.100926
14 0.566146 0.728241 0.120833 0.241667
