24 0.503385 0.672685 0.0234375 0.0953704
15 0.360156 0.647222 0.0484375 0.0777778
15 0.37526 0.580093 0.0380208 0.0546296
15 0.491667 0.49213 0.0260417 0.062037
15 0.479948 0.960185 0.104687 0.0740741
15 0.551302 0.593518 0.0348958 0.0537037
15 0.538281 0.613889 0.0515625 0.0666667
15 0.338542 0.722685 0.0989583 0.0768519
15 0.380469 0.684722 0.0703125 0.062037
15 0.578906 0.496296 0.0255208 0.0425926
14 0.442448 0.498611 0.0557292 0.102778
15 0.313542 0.785185 0.0614583 0.114815
15 0.403385 0.803241 0.0932292 0.197222
15 0.585417 0.575463 0.034375 0.0509259
15 0.48776 0.583333 0.0401042 0.0666667
24 0.483333 0.621759 0.0177083 0.0675926
15 0.614583 0.936574 0.09375 0.126852
14 0.639323 0.637037 0.117188 0.148148
15 0.410937 0.568981 0.0520833 0.0546296
14 0.527604 0.541204 0.053125 0.117593
15 0.751823 0.779167 0.0776042 0.110185
15 0.477865 0.740741 0.0703125 0.0962963
15 0.652865 0.747222 0.0588542 0.0907407
15 0.672917 0.813889 0.0708333 0.105556
15 0.71849 0.900463 0.0869792 0.149074
15 0.441406 0.633333 0.0526042 0.0907407
14 0.569792 0.765741 0.126042 0.237037
