24 0.501823 0.689815 0.0234375 0.087037
15 0.383073 0.699537 0.0692708 0.062037
15 0.360156 0.660648 0.0494792 0.0805556
14 0.441927 0.508333 0.0578125 0.0944444
15 0.311719 0.79537 0.0630208 0.118519
15 0.563542 0.536574 0.021875 0.0361111
15 0.532812 0.625463 0.0427083 0.0675926
15 0.548958 0.605556 0.0354167 0.0537037
12 0.486458 0.596759 0.0427083 0.0712963
15 0.485417 0.595833 0.0447917 0.0712963
15 0.586979 0.591204 0.0333333 0.0546296
24 0.483854 0.639352 0.0177083 0.0675926
15 0.65651 0.761574 0.0578125 0.0898148
15 0.440625 0.65 0.0520833 0.0944444
15 0.398438 0.828241 0.0864583 0.169444
15 0.577344 0.560185 0.0307292 0.0481481
15 0.409375 0.581019 0.0520833 0.0509259
15 0.753385 0.798611 0.0744792 0.10463
15 0.477604 0.749074 0.0697917 0.0851852
15 0.721615 0.919907 0.0869792 0.150926
14 0.530208 0.551389 0.05 0.112037
15 0.613542 0.943056 0.0958333 0.112037
15 0.67526 0.830093 0.0734375 0.10463
14 0.644792 0.656944 0.119792 0.15463
14 0.572396 0.781482 0.130208 0.244444
