15 0.583854 0.540741 0.034375 0.0518519
15 0.746094 0.740741 0.0682292 0.107407
15 0.554167 0.5625 0.0333333 0.0509259
15 0.714583 0.85787 0.0854167 0.149074
15 0.535677 0.583333 0.0432292 0.0685185
15 0.417448 0.54537 0.0526042 0.0518519
15 0.444792 0.602315 0.05 0.087963
14 0.44375 0.472685 0.0572917 0.0972222
14 0.638802 0.614352 0.105729 0.15463
15 0.670573 0.780556 0.0692708 0.101852
15 0.650521 0.7125 0.059375 0.0861111
14 0.528385 0.510648 0.0526042 0.0990741
14 0.566406 0.725463 0.120312 0.239815
