15 0.444271 0.547685 0.0270833 0.0398148
15 0.574219 0.550463 0.0286458 0.0453704
14 0.465885 0.551852 0.0380208 0.0740741
15 0.31276 0.7875 0.0609375 0.115741
15 0.38151 0.683333 0.0703125 0.0518519
15 0.4875 0.585648 0.040625 0.0675926
14 0.443229 0.500926 0.05625 0.101852
24 0.502604 0.676389 0.0229167 0.0916667
15 0.535156 0.619444 0.0453125 0.0666667
15 0.551302 0.598611 0.0338542 0.0546296
15 0.585417 0.580093 0.034375 0.0546296
24 0.483594 0.625463 0.0171875 0.0657407
15 0.578646 0.497685 0.025 0.0416667
15 0.752083 0.780093 0.0760417 0.112037
15 0.614844 0.938426 0.0942708 0.123148
15 0.71901 0.904167 0.0869792 0.149074
15 0.478125 0.741204 0.06875 0.0916667
15 0.410156 0.571296 0.0526042 0.0537037
14 0.527865 0.54213 0.0526042 0.113889
14 0.640365 0.640278 0.116146 0.149074
15 0.653385 0.751852 0.0588542 0.087037
15 0.673177 0.817593 0.0703125 0.105556
15 0.441146 0.636574 0.053125 0.0916667
14 0.570052 0.768981 0.126563 0.241667
