15 0.492708 0.487963 0.0260417 0.0666667
15 0.360156 0.644444 0.0473958 0.0648148
24 0.502083 0.653704 0.0229167 0.0796296
15 0.455729 0.843056 0.132292 0.173148
14 0.466406 0.537037 0.0380208 0.0759259
15 0.575 0.531944 0.0302083 0.0453704
14 0.527083 0.527778 0.053125 0.111111
15 0.442708 0.622222 0.0510417 0.0925926
24 0.484115 0.608796 0.0171875 0.0657407
15 0.584635 0.5625 0.0359375 0.0546296
15 0.413021 0.561574 0.053125 0.0509259
15 0.534896 0.604167 0.04375 0.0638889
15 0.551302 0.581481 0.0348958 0.0518519
15 0.404427 0.792593 0.0932292 0.196296
14 0.442969 0.484259 0.0557292 0.0925926
15 0.479688 0.955093 0.101042 0.0842593
15 0.750521 0.759259 0.0770833 0.118519
15 0.489323 0.572222 0.0432292 0.0685185
15 0.615365 0.929167 0.0921875 0.137963
15 0.478125 0.724074 0.0708333 0.087037
15 0.716667 0.885648 0.0854167 0.147222
15 0.651302 0.734722 0.0578125 0.0898148
15 0.672396 0.800926 0.0697917 0.101852
14 0.567969 0.748148 0.122396 0.237037
14 0.638021 0.630093 0.115625 0.152778
