24 0.502865 0.645833 0.0223958 0.0805556
14 0.45651 0.839352 0.130729 0.171296
15 0.394271 0.931481 0.0916667 0.133333
14 0.465885 0.532407 0.0390625 0.0740741
12 0.455469 0.839815 0.130729 0.172222
24 0.484375 0.603704 0.0177083 0.0648148
14 0.442969 0.480556 0.0578125 0.0962963
15 0.535677 0.597685 0.0432292 0.0694444
15 0.584115 0.557407 0.0348958 0.0537037
15 0.552865 0.579167 0.0348958 0.0546296
14 0.526823 0.523148 0.0526042 0.111111
15 0.748177 0.75463 0.0713542 0.112963
15 0.489844 0.565741 0.0411458 0.0648148
15 0.413802 0.556944 0.0526042 0.0527778
15 0.616146 0.925 0.090625 0.144444
15 0.716406 0.878241 0.0848958 0.149074
15 0.480208 0.953704 0.101042 0.0888889
15 0.478385 0.72037 0.0692708 0.087037
15 0.44349 0.615741 0.0515625 0.0907407
15 0.651302 0.730093 0.0567708 0.0898148
15 0.671875 0.79537 0.0697917 0.105556
14 0.567187 0.745833 0.122917 0.234259
14 0.635417 0.621759 0.105208 0.14537
