24 0.582422 0.452778 0.0367187 0.161111
24 0.846875 0.456944 0.071875 0.133333
24 0.385156 0.575694 0.053125 0.229167
24 0.608594 0.4 0.0359375 0.108333
24 0.182812 0.422222 0.0484375 0.075
24 0.984766 0.434028 0.0289063 0.151389
15 0.933984 0.520139 0.127344 0.234722
24 0.953906 0.347222 0.03125 0.0944444
24 0.422266 0.490972 0.0445312 0.1625
24 0.288672 0.509722 0.0445312 0.158333
24 0.742188 0.334028 0.025 0.0708333
24 0.410156 0.391667 0.0328125 0.0722222
24 0.796094 0.86875 0.103125 0.254167
24 0.668359 0.359028 0.0226563 0.0847222
24 0.835938 0.347222 0.0359375 0.1
24 0.439063 0.754861 0.123438 0.3125
24 0.513672 0.476389 0.0429688 0.205556
24 0.760938 0.479861 0.0859375 0.145833
24 0.904297 0.342361 0.0445312 0.0930556
24 0.335547 0.541667 0.0476562 0.211111
24 0.654297 0.467361 0.0398437 0.159722
24 0.537891 0.486806 0.0445312 0.215278
24 0.218359 0.629167 0.0539063 0.197222
24 0.130469 0.569444 0.05 0.188889
24 0.707812 0.529167 0.0890625 0.158333
24 0.255469 0.539583 0.0421875 0.195833
24 0.467187 0.479861 0.046875 0.168056
24 0.608984 0.527778 0.0820312 0.15
