15 0.674 0.433522 0.036 0.0608204
24 0.36 0.470297 0.028 0.0891089
24 0.391 0.344413 0.016 0.0410184
24 0.504 0.355021 0.02 0.0509194
24 0.6825 0.533946 0.029 0.0806223
24 0.648 0.369165 0.024 0.0537482
24 0.306 0.580622 0.034 0.151344
24 0.7085 0.512023 0.029 0.0763791
24 0.5955 0.359972 0.017 0.0523338
24 0.7175 0.579208 0.049 0.0919378
15 0.399 0.298444 0.044 0.0424328
15 0.571 0.472419 0.068 0.0820368
15 0.383 0.256719 0.028 0.029703
24 0.423 0.391089 0.026 0.0664781
24 0.474 0.342291 0.02 0.0509194
24 0.3935 0.392504 0.023 0.0693069
15 0.4545 0.437765 0.067 0.0608204
15 0.582 0.52546 0.068 0.0891089
15 0.5475 0.427157 0.059 0.0537482
15 0.722 0.699434 0.116 0.142857
15 0.345 0.391089 0.052 0.0579915
24 0.4505 0.373409 0.021 0.0650636
24 0.5655 0.371994 0.019 0.0565771
24 0.772 0.545262 0.032 0.103253
15 0.8585 0.613154 0.133 0.131542
15 0.13 0.729137 0.12 0.173975
15 0.201 0.615276 0.096 0.130127
15 0.6385 0.563649 0.083 0.106082
24 0.7975 0.737624 0.055 0.157001
24 0.358 0.588402 0.044 0.144272
15 0.531 0.364215 0.046 0.0551627
24 0.8555 0.700141 0.045 0.138614
