24 0.870253 0.727715 0.0400844 0.149109
24 0.637658 0.740681 0.0432489 0.158833
15 0.429325 0.513776 0.0632911 0.0940032
24 0.308544 0.640194 0.0348101 0.116694
37 0.595992 0.448136 0.0780591 0.199352
24 0.378692 0.667747 0.035865 0.136143
24 0.122363 0.713128 0.0421941 0.126418
24 0.18038 0.813614 0.0548523 0.142626
37 0.627637 0.570502 0.109705 0.204214
24 0.737869 0.881686 0.0727848 0.233387
24 0.0685654 0.792545 0.0611814 0.175041
24 0.928797 0.811183 0.0495781 0.150729
24 0.824894 0.860616 0.0527426 0.191248
24 0.564873 0.632901 0.0833333 0.121556
