24 0.502604 0.635648 0.021875 0.075
15 0.573958 0.517593 0.0291667 0.0444444
15 0.8 0.823148 0.0875 0.116667
15 0.742708 0.71713 0.0635417 0.0731481
23 0.575 0.821759 0.01875 0.0194444
15 0.394792 0.926389 0.0927083 0.141667
15 0.579167 0.476389 0.0229167 0.0398148
15 0.37474 0.560648 0.0390625 0.0546296
15 0.553125 0.572685 0.0354167 0.0546296
24 0.484375 0.59537 0.0177083 0.0666667
15 0.649479 0.721759 0.059375 0.0935185
15 0.477604 0.710648 0.0697917 0.0861111
12 0.458854 0.833333 0.13125 0.177778
15 0.584375 0.548611 0.0322917 0.0527778
14 0.443229 0.478704 0.0572917 0.0962963
15 0.617448 0.918519 0.0911458 0.151852
15 0.414323 0.550463 0.0546875 0.0546296
14 0.632812 0.6125 0.101042 0.136111
15 0.44401 0.609259 0.0494792 0.0907407
15 0.5375 0.590278 0.0447917 0.0675926
15 0.715625 0.869907 0.0854167 0.149074
15 0.480469 0.950463 0.101562 0.0953704
15 0.746615 0.753241 0.0692708 0.0953704
14 0.527865 0.518056 0.0546875 0.110185
15 0.491406 0.560648 0.0411458 0.0583333
15 0.671354 0.7875 0.0708333 0.102778
14 0.567708 0.737037 0.120833 0.233333
