15 0.53099 0.464352 0.0182292 0.0324074
15 0.376302 0.581481 0.0328125 0.0574074
15 0.491667 0.491204 0.0270833 0.0453704
23 0.582552 0.862037 0.0161458 0.0166667
15 0.557813 0.643981 0.04375 0.037963
15 0.380729 0.685648 0.0729167 0.0546296
15 0.443229 0.548148 0.0270833 0.0425926
14 0.641667 0.645833 0.115625 0.15463
12 0.465885 0.552778 0.0380208 0.0759259
15 0.5375 0.62037 0.05 0.0685185
15 0.486719 0.588889 0.0411458 0.0703704
15 0.576042 0.552778 0.0302083 0.0462963
15 0.55026 0.601389 0.0348958 0.0564815
14 0.441927 0.502315 0.0557292 0.100926
15 0.563021 0.525926 0.0260417 0.0407407
24 0.501562 0.680093 0.0229167 0.0916667
15 0.478125 0.744444 0.0697917 0.0907407
14 0.527604 0.544444 0.0552083 0.12037
15 0.578906 0.500926 0.0244792 0.0407407
24 0.483594 0.629167 0.0182292 0.0675926
15 0.614323 0.939815 0.0942708 0.12037
15 0.719531 0.908333 0.0869792 0.148148
15 0.585156 0.581944 0.0338542 0.0564815
15 0.410417 0.572685 0.0520833 0.0546296
15 0.752344 0.786111 0.0744792 0.111111
15 0.441146 0.640741 0.053125 0.0925926
15 0.653646 0.754167 0.059375 0.087963
14 0.570833 0.772222 0.126042 0.242593
15 0.673698 0.821296 0.0703125 0.103704
