15 0.361719 0.591667 0.0369792 0.0518519
15 0.357812 0.618519 0.0416667 0.0518519
15 0.480729 0.965278 0.1 0.0638889
12 0.48776 0.588889 0.0411458 0.0703704
23 0.582552 0.865741 0.0161458 0.0166667
15 0.491667 0.489815 0.0270833 0.0407407
12 0.465104 0.556944 0.0364583 0.0768519
37 0.527865 0.545833 0.0546875 0.119444
15 0.336719 0.733333 0.0942708 0.0796296
15 0.375781 0.582407 0.0317708 0.0592593
15 0.563021 0.527315 0.025 0.0416667
15 0.382812 0.687037 0.0677083 0.0518519
15 0.311979 0.787037 0.0625 0.125926
14 0.442448 0.505093 0.0546875 0.100926
14 0.465365 0.555093 0.0359375 0.0768519
23 0.680469 0.831944 0.0171875 0.0157407
15 0.442969 0.549074 0.0276042 0.0444444
14 0.528125 0.545833 0.0541667 0.121296
24 0.501823 0.683333 0.0234375 0.0888889
15 0.358854 0.663889 0.0479167 0.0666667
15 0.577083 0.555556 0.03125 0.0462963
15 0.533854 0.621296 0.04375 0.0685185
15 0.578646 0.503704 0.0260417 0.0425926
15 0.486458 0.590278 0.0427083 0.0712963
15 0.55026 0.602778 0.0348958 0.0555556
24 0.483333 0.630556 0.0177083 0.0685185
15 0.585677 0.586111 0.0348958 0.0592593
14 0.64349 0.655556 0.117188 0.159259
15 0.440625 0.64537 0.0520833 0.0944444
15 0.720312 0.913426 0.0875 0.149074
15 0.478125 0.747222 0.0697917 0.087037
15 0.614323 0.941667 0.0932292 0.116667
15 0.655208 0.753704 0.0583333 0.0851852
15 0.411198 0.576389 0.0505208 0.0509259
15 0.752604 0.791667 0.075 0.107407
14 0.571615 0.774074 0.128646 0.246296
15 0.673698 0.824074 0.0713542 0.101852
