15 0.51276 0.46713 0.0223958 0.0361111
15 0.36276 0.587037 0.0380208 0.05
15 0.809375 0.862963 0.0916667 0.12037
15 0.338021 0.724074 0.0989583 0.0740741
15 0.391927 0.9375 0.0901042 0.121296
15 0.561719 0.524074 0.0255208 0.037037
23 0.582031 0.856019 0.0171875 0.0138889
15 0.444531 0.546759 0.0265625 0.0416667
15 0.359635 0.648611 0.0484375 0.075
15 0.376302 0.580556 0.0359375 0.0555556
15 0.573698 0.549537 0.0276042 0.0435185
15 0.491667 0.490278 0.0260417 0.0564815
15 0.402865 0.802778 0.0932292 0.192593
15 0.479948 0.9625 0.101562 0.0712963
14 0.465885 0.550926 0.0380208 0.0759259
15 0.380729 0.684722 0.071875 0.0601852
15 0.313281 0.785648 0.0609375 0.117593
15 0.550781 0.595833 0.0348958 0.0527778
24 0.502865 0.675463 0.0234375 0.0935185
15 0.53776 0.617593 0.0494792 0.0666667
15 0.579167 0.497685 0.025 0.0416667
14 0.442969 0.501389 0.0557292 0.106481
24 0.483333 0.624074 0.0177083 0.0685185
15 0.4875 0.584722 0.040625 0.0675926
15 0.585677 0.578704 0.0338542 0.0537037
15 0.614583 0.9375 0.0947917 0.125
15 0.752083 0.779167 0.0770833 0.110185
15 0.410417 0.57037 0.0520833 0.0537037
14 0.527604 0.541667 0.053125 0.116667
15 0.477865 0.741667 0.0692708 0.0962963
15 0.71875 0.902315 0.0875 0.149074
14 0.639844 0.638426 0.117188 0.147222
15 0.653125 0.75 0.0583333 0.0888889
15 0.672917 0.815278 0.0708333 0.106481
15 0.441406 0.635648 0.0526042 0.0916667
14 0.569531 0.76713 0.125521 0.239815
