15 0.404167 0.553704 0.0322917 0.037037
15 0.484375 0.602315 0.0427083 0.0731481
15 0.545052 0.648148 0.0515625 0.0537037
14 0.492969 0.55 0.0276042 0.0648148
15 0.828125 0.905093 0.0979167 0.130556
24 0.500781 0.689352 0.0223958 0.0731481
15 0.414323 0.753704 0.0692708 0.0833333
14 0.488281 0.600463 0.0380208 0.0824074
12 0.442969 0.867593 0.130729 0.168519
15 0.36276 0.600926 0.0432292 0.05
15 0.444271 0.865278 0.126042 0.165741
15 0.400521 0.82963 0.0916667 0.174074
15 0.2625 0.888426 0.0895833 0.165741
15 0.563802 0.541204 0.0255208 0.0435185
15 0.438021 0.555556 0.0333333 0.0444444
15 0.336979 0.741667 0.0885417 0.0814815
15 0.557292 0.659259 0.0416667 0.037037
14 0.466146 0.567593 0.040625 0.0777778
15 0.510938 0.481944 0.0239583 0.0416667
15 0.659635 0.769907 0.0526042 0.0842593
12 0.484375 0.601852 0.0427083 0.0722222
15 0.748438 0.764352 0.0666667 0.075
15 0.576563 0.57037 0.025 0.0462963
15 0.492188 0.502315 0.028125 0.0490741
15 0.359115 0.67037 0.0473958 0.0703704
14 0.441146 0.512963 0.05625 0.0981481
15 0.580208 0.512963 0.028125 0.0444444
15 0.388802 0.703241 0.0671875 0.0583333
24 0.486979 0.649074 0.0177083 0.0666667
15 0.480208 0.971296 0.0979167 0.0537037
15 0.551042 0.612037 0.0322917 0.0537037
15 0.408594 0.584259 0.0536458 0.0518519
15 0.588281 0.598611 0.0317708 0.0509259
15 0.439063 0.656944 0.0520833 0.0953704
15 0.390104 0.946759 0.0916667 0.102778
15 0.528385 0.630093 0.0359375 0.0638889
15 0.311198 0.796759 0.0630208 0.123148
15 0.479167 0.756019 0.06875 0.0898148
15 0.757812 0.809259 0.0760417 0.103704
15 0.72474 0.928704 0.0880208 0.138889
15 0.676823 0.837963 0.0734375 0.111111
14 0.530469 0.555556 0.0515625 0.105556
14 0.65026 0.663889 0.119271 0.161111
15 0.613542 0.950463 0.096875 0.0953704
14 0.575 0.791204 0.136458 0.243519
