15 0.438281 0.584028 0.059375 0.0541667
15 0.672266 0.626389 0.0695312 0.0805556
24 0.490234 0.631944 0.0304688 0.0777778
24 0.557813 0.611111 0.015625 0.0472222
24 0.340625 0.603472 0.0234375 0.0902778
24 0.669531 0.768056 0.0421875 0.166667
15 0.13125 0.557639 0.0859375 0.0708333
24 0.61875 0.636111 0.034375 0.0777778
24 0.580469 0.620139 0.025 0.0680556
24 0.379297 0.5875 0.0164062 0.0666667
15 0.252734 0.568056 0.0710938 0.0638889
24 0.116797 0.655556 0.0351562 0.119444
24 0.180859 0.6625 0.0382813 0.122222
24 0.284766 0.680556 0.0617188 0.111111
24 0.4625 0.619444 0.0296875 0.0805556
24 0.329297 0.690972 0.0632813 0.1125
24 0.603125 0.698611 0.03125 0.116667
24 0.209766 0.834722 0.0882813 0.2
24 0.477344 0.754861 0.0484375 0.209722
24 0.396484 0.790278 0.0476562 0.197222
24 0.331641 0.860417 0.0632813 0.201389
