24 0.444531 0.465972 0.034375 0.126389
15 0.120703 0.529861 0.141406 0.140278
24 0.921094 0.492361 0.09375 0.168056
24 0.334766 0.429861 0.0460938 0.0680556
24 0.521094 0.854167 0.109375 0.266667
24 0.630859 0.383333 0.0210938 0.0666667
15 0.802734 0.351389 0.0554687 0.0555556
24 0.605078 0.840278 0.108594 0.305556
24 0.432422 0.908333 0.110156 0.183333
24 0.632422 0.520833 0.108594 0.169444
24 0.765625 0.510417 0.08125 0.145833
24 0.582422 0.39375 0.0210938 0.0736111
24 0.0390625 0.914583 0.078125 0.170833
24 0.192969 0.560417 0.0546875 0.179167
24 0.530078 0.486806 0.0351562 0.1625
24 0.266797 0.64375 0.121094 0.293056
24 0.0453125 0.582639 0.046875 0.179167
24 0.704687 0.403472 0.0265625 0.0902778
24 0.766016 0.399306 0.0445312 0.0902778
24 0.376953 0.576389 0.0882813 0.213889
24 0.514453 0.597917 0.0992187 0.168056
24 0.594531 0.520139 0.06875 0.165278
24 0.482422 0.524306 0.0585938 0.229167
24 0.416406 0.516667 0.0484375 0.161111
24 0.128906 0.602778 0.05 0.208333
