15 0.798828 0.1625 0.108594 0.0833333
24 0.241406 0.230556 0.0296875 0.0888889
24 0.163281 0.266667 0.025 0.111111
24 0.494531 0.215278 0.0234375 0.0833333
24 0.216406 0.247917 0.0359375 0.0958333
24 0.285547 0.247222 0.0414063 0.111111
24 0.0214844 0.279861 0.0429688 0.0986111
24 0.558984 0.2125 0.0242187 0.0916667
24 0.419141 0.221528 0.0257812 0.0791667
24 0.321875 0.225694 0.034375 0.0847222
24 0.0914062 0.452778 0.0578125 0.186111
24 0.534766 0.201389 0.0210938 0.0777778
24 0.790625 0.306944 0.071875 0.169444
15 0.628516 0.174306 0.0882813 0.0819444
24 0.431641 0.349306 0.0648438 0.1375
24 0.860547 0.414583 0.0507812 0.201389
24 0.0699219 0.623611 0.116406 0.25
24 0.842969 0.302778 0.075 0.191667
24 0.469141 0.229861 0.0367187 0.0791667
24 0.686328 0.318056 0.0804688 0.188889
24 0.363672 0.294444 0.0367187 0.152778
24 0.0222656 0.483333 0.0445312 0.205556
24 0.285156 0.692361 0.1375 0.309722
24 0.296484 0.342361 0.0804688 0.159722
