15 0.735286 0.248611 0.0960938 0.10463
24 0.798437 0.278009 0.0588542 0.110648
15 0.0696615 0.460417 0.0778646 0.208796
15 0.63763 0.207407 0.0596354 0.062037
24 0.427995 0.466898 0.0533854 0.219907
24 0.286198 0.540046 0.0776042 0.218981
24 0.527995 0.314583 0.0554687 0.156019
24 0.270703 0.381481 0.0757812 0.150926
24 0.446224 0.602083 0.102865 0.241204
24 0.497786 0.770139 0.11276 0.365278
24 0.610807 0.247685 0.0226563 0.087963
24 0.127214 0.414352 0.0716146 0.153704
24 0.273438 0.653472 0.0770833 0.351389
24 0.434115 0.34838 0.0942708 0.149537
24 0.763411 0.772685 0.16849 0.303704
15 0.110417 0.293287 0.134896 0.127315
24 0.545182 0.386343 0.0513021 0.193981
15 0.252995 0.269907 0.120573 0.102778
24 0.329688 0.347222 0.0729167 0.150926
24 0.658203 0.309259 0.0940104 0.155556
24 0.566927 0.276157 0.0265625 0.105093
24 0.217578 0.38588 0.0893229 0.183796
15 0.453125 0.243519 0.0802083 0.0731481
