24 0.497266 0.427083 0.0304688 0.0708333
15 0.496094 0.428472 0.0328125 0.0708333
24 0.583203 0.359028 0.0164062 0.0569444
15 0.484375 0.315278 0.025 0.0527778
15 0.644531 0.425694 0.0734375 0.143056
33 0.562109 0.381944 0.0304688 0.0805556
15 0.508984 0.317361 0.0226563 0.0513889
15 0.621094 0.518056 0.0859375 0.155556
24 0.525391 0.347222 0.0132813 0.0472222
24 0.475781 0.357639 0.015625 0.0541667
15 0.46875 0.304167 0.0203125 0.0416667
15 0.445312 0.422917 0.0453125 0.0847222
15 0.440234 0.645833 0.0648438 0.172222
