24 0.636328 0.209722 0.0257812 0.0666667
32 0.907812 0.0326389 0.028125 0.0236111
24 0.394531 0.229861 0.0265625 0.0930556
15 0.490625 0.221528 0.096875 0.118056
24 0.598437 0.201389 0.0203125 0.0666667
23 0.345313 0.363194 0.021875 0.0152778
23 0.348437 0.370833 0.021875 0.0194444
37 0.741016 0.191667 0.122656 0.113889
23 0.981641 0.449306 0.0179687 0.0236111
24 0.55625 0.204167 0.01875 0.0722222
24 0.583984 0.206944 0.0210938 0.0666667
15 0.981641 0.252083 0.0367187 0.109722
24 0.574219 0.209028 0.01875 0.0652778
31 0.569922 0.593056 0.0382813 0.186111
31 0.476953 0.422917 0.0851562 0.173611
14 0.491016 0.220833 0.0992187 0.113889
24 0.612109 0.216667 0.0226563 0.0777778
24 0.151953 0.276389 0.0445312 0.0888889
15 0.957422 0.234028 0.0820312 0.0958333
24 0.471094 0.261111 0.0265625 0.0916667
24 0.238281 0.339583 0.0328125 0.118056
24 0.528906 0.252083 0.025 0.0847222
31 0.570312 0.659028 0.046875 0.168056
31 0.540625 0.617361 0.0328125 0.190278
24 0.896484 0.24375 0.0570313 0.0986111
24 0.785937 0.452083 0.0578125 0.179167
24 0.976172 0.418056 0.0476562 0.161111
24 0.420312 0.329167 0.0390625 0.125
13 0.478125 0.425 0.0921875 0.175
24 0.219141 0.4125 0.0476562 0.166667
24 0.836328 0.325694 0.0742188 0.145833
15 0.0484375 0.303472 0.096875 0.101389
15 0.3125 0.261806 0.115625 0.101389
24 0.473047 0.788194 0.163281 0.3375
24 0.388672 0.401389 0.0804688 0.15
15 0.328906 0.334722 0.0953125 0.138889
