24 0.769141 0.157639 0.0398437 0.0402778
15 0.940234 0.236806 0.110156 0.129167
23 0.340625 0.340972 0.028125 0.0152778
24 0.636328 0.198611 0.0289063 0.0666667
15 0.974219 0.158333 0.05 0.05
15 0.443359 0.172222 0.0476562 0.0472222
24 0.300781 0.3625 0.0453125 0.152778
14 0.564453 0.194444 0.0882813 0.111111
24 0.00703125 0.272222 0.0140625 0.113889
23 0.337891 0.349306 0.0210938 0.0180556
31 0.281641 0.439583 0.100781 0.176389
15 0.858984 0.170139 0.0914062 0.0902778
13 0.28125 0.436806 0.101562 0.190278
15 0.974609 0.2125 0.0507812 0.0972222
24 0.274219 0.247917 0.0375 0.0930556
24 0.920703 0.279861 0.0585938 0.123611
24 0.399609 0.263889 0.0257812 0.0888889
24 0.970312 0.265972 0.05625 0.118056
24 0.504687 0.2 0.03125 0.0944444
24 0.525781 0.227083 0.025 0.0875
24 0.471875 0.201389 0.025 0.0833333
24 0.0417969 0.277083 0.0523437 0.0875
31 0.482812 0.616667 0.0390625 0.2
24 0.596094 0.216667 0.0234375 0.0805556
15 0.564453 0.195139 0.0882813 0.109722
24 0.831641 0.221528 0.0476562 0.101389
31 0.516797 0.622222 0.0570313 0.252778
24 0.935547 0.867361 0.128906 0.265278
24 0.895703 0.577778 0.0898438 0.252778
15 0.416016 0.238889 0.102344 0.0972222
24 0.141016 0.432639 0.107031 0.168056
15 0.342187 0.313889 0.0859375 0.138889
24 0.438672 0.343056 0.0914062 0.213889
24 0.439453 0.801389 0.108594 0.3
15 0.139844 0.284028 0.15 0.101389
