24 0.164453 0.265278 0.0351562 0.0861111
24 0.244922 0.25 0.0304688 0.0805556
37 0.829297 0.189583 0.138281 0.1125
15 0.525 0.215278 0.090625 0.113889
24 0.417188 0.225 0.021875 0.075
24 0.651563 0.206944 0.0234375 0.0833333
24 0.45625 0.216667 0.0171875 0.0777778
24 0.608203 0.205556 0.0179687 0.0638889
24 0.616797 0.204167 0.0210938 0.0638889
24 0.314453 0.238889 0.0335938 0.0722222
24 0.171484 0.924306 0.122656 0.151389
24 0.988672 0.429861 0.0210938 0.204167
12 0.525781 0.214583 0.0890625 0.1125
24 0.668359 0.908333 0.128906 0.183333
24 0.383203 0.281944 0.0242187 0.0916667
24 0.446875 0.226389 0.0265625 0.0777778
24 0.209375 0.268056 0.0421875 0.0888889
13 0.413281 0.434028 0.0984375 0.176389
24 0.581641 0.210417 0.0273438 0.0736111
23 0.351172 0.367361 0.0226563 0.0180556
24 0.5 0.25 0.0265625 0.0861111
31 0.412891 0.434028 0.0992187 0.176389
24 0.560938 0.240972 0.025 0.0791667
31 0.561328 0.575694 0.0398437 0.159722
24 0.983203 0.283333 0.0335938 0.111111
15 0.970703 0.245139 0.0570313 0.115278
24 0.915625 0.232639 0.028125 0.0847222
24 0.874219 0.239583 0.05 0.0958333
14 0.525781 0.214583 0.0890625 0.109722
24 0.697266 0.344444 0.0851562 0.155556
24 0.433984 0.324306 0.0367187 0.126389
31 0.523438 0.623611 0.0390625 0.202778
31 0.561328 0.669444 0.0523437 0.158333
24 0.25 0.394444 0.04375 0.161111
15 0.363281 0.254167 0.103125 0.0916667
24 0.818359 0.495833 0.0695312 0.2
24 0.648438 0.81875 0.196875 0.318056
15 0.344922 0.326389 0.0867188 0.138889
15 0.0753906 0.296528 0.150781 0.106944
24 0.303516 0.414583 0.0882813 0.154167
