14 0.480078 0.192361 0.0460938 0.0569444
24 0.853125 0.249306 0.0265625 0.109722
23 0.19375 0.299306 0.0109375 0.0125
24 0.3125 0.251389 0.04375 0.0833333
24 0.0289063 0.2875 0.0390625 0.0833333
24 0.341406 0.239583 0.0265625 0.0708333
24 0.528516 0.219444 0.0226563 0.0666667
37 0.678516 0.211806 0.107031 0.1125
24 0.517969 0.220833 0.0171875 0.0666667
24 0.130859 0.279861 0.0367187 0.0819444
24 0.0929687 0.279167 0.0375 0.0805556
15 0.00976562 0.301389 0.0179687 0.1
14 0.422266 0.236806 0.0976562 0.118056
31 0.530859 0.596528 0.0367187 0.190278
15 0.422266 0.241667 0.0976562 0.122222
37 0.480469 0.191667 0.0453125 0.0555556
24 0.508203 0.221528 0.0195312 0.0652778
23 0.303906 0.386806 0.0203125 0.0180556
24 0.567969 0.225 0.0234375 0.0722222
24 0.0675781 0.290278 0.0476562 0.0916667
24 0.490234 0.222222 0.0179687 0.0694444
24 0.367188 0.340278 0.034375 0.119444
24 0.409766 0.277083 0.0273438 0.0930556
24 0.546484 0.234028 0.0226563 0.0819444
24 0.469531 0.2625 0.028125 0.1
24 0.732422 0.440278 0.0585938 0.175
24 0.984375 0.286806 0.0296875 0.1125
24 0.179297 0.363889 0.0382813 0.125
13 0.472266 0.432639 0.0898438 0.173611
31 0.515234 0.6375 0.0632813 0.219444
24 0.921875 0.413194 0.05 0.154167
15 0.903906 0.247222 0.0859375 0.0916667
15 0.964063 0.261111 0.071875 0.116667
24 0.867578 0.332639 0.0664062 0.131944
15 0.2375 0.275694 0.117188 0.101389
24 0.15625 0.4375 0.046875 0.177778
24 0.339453 0.76875 0.155469 0.326389
15 0.282813 0.35 0.107813 0.147222
24 0.394922 0.406944 0.0789063 0.147222
