24 0.988672 0.438889 0.0226563 0.225
14 0.825781 0.184722 0.125 0.108333
24 0.614844 0.203472 0.015625 0.0597222
24 0.657422 0.204167 0.0226563 0.0805556
24 0.424219 0.222222 0.0203125 0.0777778
24 0.31875 0.234722 0.028125 0.075
24 0.627734 0.200694 0.0164062 0.0625
31 0.554297 0.586806 0.0414063 0.179167
24 0.384766 0.280556 0.0242187 0.0944444
37 0.832031 0.186806 0.132812 0.106944
24 0.452734 0.223611 0.0273438 0.0833333
23 0.348828 0.365278 0.0210938 0.0194444
24 0.5875 0.205556 0.0296875 0.0805556
24 0.631641 0.895139 0.161719 0.209722
24 0.217578 0.263889 0.0429688 0.0944444
15 0.967969 0.247917 0.0640625 0.123611
31 0.519141 0.620139 0.0367187 0.193056
31 0.557422 0.660417 0.0554687 0.168056
24 0.913672 0.232639 0.0273438 0.0847222
24 0.501172 0.246528 0.0289063 0.0902778
24 0.978906 0.284722 0.0421875 0.111111
24 0.565625 0.2375 0.025 0.0805556
24 0.433594 0.320833 0.0375 0.125
24 0.867188 0.236111 0.05 0.0944444
14 0.532422 0.2125 0.0882813 0.113889
31 0.396094 0.432639 0.096875 0.179167
24 0.824609 0.506944 0.0710938 0.208333
24 0.665234 0.349306 0.0835937 0.151389
24 0.670703 0.833333 0.235156 0.333333
15 0.371484 0.253472 0.102344 0.0930556
15 0.342578 0.327083 0.0835937 0.1375
24 0.28125 0.404167 0.09375 0.183333
15 0.0804688 0.295833 0.157813 0.102778
