15 0.975 0.213194 0.05 0.0986111
15 0.442187 0.172222 0.05 0.05
23 0.340625 0.339583 0.028125 0.0152778
15 0.939062 0.240972 0.1 0.104167
15 0.971875 0.160417 0.053125 0.0513889
23 0.903516 0.620139 0.0273438 0.0375
14 0.562109 0.195833 0.0898438 0.113889
15 0.853906 0.170139 0.1 0.0930556
13 0.294141 0.409028 0.102344 0.240278
23 0.338281 0.35 0.021875 0.0194444
31 0.4875 0.615278 0.0359375 0.194444
24 0.26875 0.247222 0.0375 0.0944444
24 0.0363281 0.275 0.0523437 0.0861111
24 0.470313 0.202083 0.021875 0.0791667
24 0.437109 0.295833 0.0320312 0.119444
24 0.524219 0.224306 0.025 0.0930556
24 0.398438 0.264583 0.0265625 0.0902778
15 0.560938 0.195833 0.0890625 0.111111
24 0.498047 0.20625 0.0257812 0.0791667
24 0.294531 0.409028 0.101562 0.2375
24 0.975781 0.264583 0.0484375 0.118056
24 0.927344 0.279861 0.05625 0.115278
24 0.594141 0.217361 0.0242187 0.0819444
24 0.835156 0.223611 0.046875 0.0972222
31 0.51875 0.619444 0.0578125 0.247222
24 0.886719 0.571528 0.0859375 0.243056
24 0.453516 0.813889 0.113281 0.302778
24 0.157031 0.429167 0.104687 0.169444
15 0.410156 0.240278 0.104687 0.0972222
15 0.342578 0.315278 0.0820312 0.138889
15 0.133203 0.283333 0.150781 0.1
24 0.463281 0.365278 0.0875 0.161111
24 0.917578 0.86875 0.164844 0.2625
