23 0.341016 0.352778 0.0242187 0.0166667
24 0.626172 0.19375 0.0226563 0.0680556
27 0.946484 0.0138889 0.0132813 0.0222222
14 0.567969 0.195139 0.0890625 0.1125
24 0.410156 0.918056 0.142188 0.163889
31 0.251953 0.440278 0.105469 0.183333
24 0.292188 0.247917 0.0453125 0.0875
24 0.924219 0.264583 0.10625 0.140278
24 0.403516 0.263889 0.0242187 0.0861111
24 0.900781 0.281944 0.0578125 0.125
24 0.514063 0.199306 0.0265625 0.0902778
31 0.510938 0.579861 0.0390625 0.173611
15 0.864062 0.175694 0.084375 0.101389
24 0.0136719 0.278472 0.0273438 0.0958333
24 0.479688 0.204167 0.025 0.0777778
24 0.0566406 0.274306 0.0492188 0.0847222
24 0.53125 0.225694 0.021875 0.0847222
13 0.251172 0.441667 0.107031 0.183333
31 0.508203 0.66875 0.0414063 0.159722
24 0.823828 0.220139 0.0492188 0.104167
31 0.471094 0.624306 0.0453125 0.206944
24 0.605078 0.213889 0.0226563 0.0833333
24 0.307422 0.358333 0.0460938 0.15
15 0.567969 0.196528 0.0875 0.1125
24 0.922266 0.602083 0.0976562 0.265278
15 0.426953 0.2375 0.0976562 0.0944444
15 0.344531 0.307639 0.08125 0.129167
15 0.975 0.214583 0.05 0.0902778
24 0.442578 0.293056 0.0335938 0.116667
24 0.405859 0.777083 0.0992187 0.301389
24 0.377344 0.373611 0.09375 0.172222
15 0.153906 0.279861 0.148438 0.106944
24 0.103906 0.439583 0.110937 0.168056
