13 0.298047 0.408333 0.100781 0.241667
15 0.440625 0.171528 0.0484375 0.0513889
24 0.510547 0.192361 0.0195312 0.0791667
23 0.896875 0.615278 0.025 0.0361111
24 0.298438 0.410417 0.1 0.2375
24 0.628516 0.198611 0.0289063 0.0666667
23 0.340234 0.339583 0.0257812 0.0152778
15 0.850391 0.171528 0.105469 0.0958333
14 0.561328 0.196528 0.0898438 0.115278
24 0.265625 0.252083 0.0359375 0.0847222
24 0.397656 0.265972 0.0265625 0.0875
23 0.338281 0.349306 0.021875 0.0180556
24 0.467578 0.200694 0.0226563 0.0819444
24 0.0324219 0.275694 0.0523437 0.0875
15 0.560547 0.196528 0.0898438 0.1125
31 0.491016 0.614583 0.0351562 0.190278
24 0.978516 0.266667 0.0429688 0.111111
24 0.495703 0.208333 0.0273438 0.0805556
24 0.521875 0.226389 0.0234375 0.0916667
31 0.521875 0.619444 0.0484375 0.244444
31 0.298047 0.411806 0.0992187 0.240278
24 0.437891 0.298611 0.0320312 0.119444
24 0.930078 0.279861 0.0570313 0.1125
24 0.592578 0.215972 0.0242187 0.0847222
24 0.836719 0.224306 0.0484375 0.0958333
24 0.474609 0.363889 0.0882813 0.161111
24 0.882031 0.565278 0.08125 0.241667
15 0.342187 0.315278 0.08125 0.138889
15 0.407813 0.240972 0.104687 0.0958333
24 0.164453 0.427778 0.103906 0.169444
24 0.460547 0.823611 0.117969 0.302778
15 0.129688 0.284028 0.15 0.0986111
24 0.910156 0.866667 0.179688 0.266667
