11 0.0464844 0.864583 0.0929687 0.265278
23 0.853516 0.570833 0.0210938 0.0333333
15 0.840234 0.177083 0.121094 0.101389
24 0.265625 0.240972 0.0296875 0.0763889
37 0.846875 0.174306 0.139062 0.104167
23 0.870703 0.946528 0.0273438 0.0375
15 0.954297 0.166667 0.0539063 0.0583333
24 0.446875 0.211806 0.0203125 0.0791667
24 0.356641 0.429167 0.0976562 0.183333
24 0.6375 0.194444 0.0203125 0.0638889
15 0.544141 0.207639 0.0898438 0.1125
32 0.931641 0.0173611 0.0257812 0.0263889
14 0.544141 0.204861 0.0867188 0.1125
24 0.271875 0.375 0.040625 0.141667
24 0.496484 0.202083 0.0210938 0.0708333
13 0.357031 0.427778 0.101562 0.191667
24 0.238281 0.259722 0.0375 0.0888889
12 0.544922 0.204167 0.0851562 0.111111
23 0.348047 0.35625 0.0289063 0.0208333
24 0.603906 0.204861 0.028125 0.0736111
24 0.0199219 0.288889 0.0398437 0.0944444
24 0.471875 0.218056 0.028125 0.0805556
31 0.542969 0.663194 0.046875 0.156944
24 0.389062 0.270833 0.028125 0.0972222
24 0.911719 0.224306 0.03125 0.0875
31 0.544531 0.597222 0.0421875 0.208333
24 0.576563 0.228472 0.025 0.0819444
24 0.283203 0.311806 0.0351562 0.115278
24 0.962891 0.278472 0.0554687 0.120833
24 0.509766 0.2375 0.0273438 0.0888889
24 0.852734 0.231944 0.0445312 0.0916667
24 0.0476562 0.889583 0.09375 0.204167
15 0.958984 0.238889 0.0820312 0.116667
31 0.504297 0.61875 0.0539063 0.190278
24 0.843359 0.527083 0.0789063 0.220833
15 0.342969 0.321528 0.08125 0.1375
24 0.434375 0.313889 0.0359375 0.119444
15 0.385156 0.251389 0.104687 0.1
15 0.100391 0.288889 0.149219 0.105556
24 0.235156 0.421528 0.096875 0.159722
24 0.589453 0.35625 0.0867188 0.156944
24 0.778516 0.844444 0.219531 0.311111
24 0.564062 0.865972 0.171875 0.268056
