24 0.382031 0.284028 0.021875 0.0847222
24 0.460156 0.425 0.090625 0.172222
24 0.418359 0.227083 0.0242187 0.0763889
24 0.662891 0.213889 0.0257812 0.075
24 0.4 0.228472 0.021875 0.0763889
24 0.583594 0.2 0.0171875 0.0666667
24 0.598047 0.204861 0.0195312 0.0625
24 0.243359 0.254167 0.0257812 0.0777778
24 0.569141 0.207639 0.0210938 0.0763889
24 0.224219 0.25 0.0234375 0.0777778
24 0.139453 0.265278 0.0367187 0.0861111
31 0.572266 0.570139 0.0335938 0.165278
15 0.981641 0.247917 0.0367187 0.1125
24 0.605859 0.204167 0.0210938 0.0638889
37 0.761719 0.193056 0.1375 0.119444
31 0.543359 0.615972 0.0320312 0.1875
24 0.633594 0.211806 0.021875 0.0763889
24 0.182031 0.268056 0.0421875 0.0916667
15 0.966797 0.229167 0.0664062 0.0972222
24 0.25625 0.329861 0.03125 0.120833
24 0.547656 0.247222 0.0234375 0.0777778
24 0.488672 0.25625 0.0257812 0.0847222
24 0.985156 0.417361 0.0296875 0.195833
24 0.432422 0.324306 0.0367187 0.126389
13 0.460156 0.425694 0.096875 0.173611
24 0.894141 0.240972 0.0554687 0.0958333
15 0.339063 0.256944 0.107813 0.1
24 0.803906 0.467361 0.0578125 0.1875
15 0.34375 0.328472 0.09375 0.140278
24 0.789844 0.332639 0.075 0.148611
15 0.0625 0.296528 0.123438 0.101389
24 0.238672 0.401389 0.0476562 0.163889
14 0.512891 0.216667 0.0929687 0.113889
24 0.361719 0.403472 0.0859375 0.151389
24 0.546484 0.806944 0.174219 0.338889
