24 0.249219 0.247222 0.028125 0.0777778
24 0.255078 0.38125 0.0492188 0.179167
24 0.16875 0.263889 0.0375 0.0833333
15 0.527344 0.215278 0.0921875 0.116667
14 0.826953 0.185417 0.133594 0.109722
24 0.655859 0.205556 0.0242187 0.0833333
24 0.421094 0.224306 0.021875 0.0736111
24 0.625781 0.202083 0.0171875 0.0625
24 0.316797 0.2375 0.0304688 0.075
24 0.141797 0.918056 0.117969 0.161111
24 0.384766 0.284028 0.0257812 0.0930556
24 0.216406 0.265278 0.04375 0.0916667
24 0.643359 0.909722 0.150781 0.177778
37 0.968359 0.245139 0.0617188 0.120833
23 0.35 0.366667 0.021875 0.0194444
15 0.96875 0.246528 0.0625 0.123611
24 0.990234 0.439583 0.0195312 0.2125
24 0.45 0.225694 0.0265625 0.0819444
31 0.556641 0.577778 0.0398437 0.166667
37 0.829687 0.1875 0.134375 0.108333
24 0.585156 0.209722 0.028125 0.075
24 0.500781 0.248611 0.028125 0.0888889
31 0.521875 0.623611 0.0390625 0.2
24 0.564062 0.239583 0.025 0.0791667
24 0.914062 0.233333 0.028125 0.0805556
24 0.822656 0.502778 0.0703125 0.208333
24 0.433594 0.322222 0.0375 0.125
24 0.980859 0.284722 0.0382813 0.113889
31 0.557813 0.66875 0.0546875 0.156944
24 0.869922 0.238194 0.0492188 0.0958333
14 0.530469 0.214583 0.0890625 0.1125
31 0.401172 0.434028 0.0976562 0.179167
24 0.676562 0.347222 0.084375 0.155556
15 0.370703 0.254861 0.100781 0.0930556
15 0.342969 0.325694 0.084375 0.1375
15 0.078125 0.296528 0.154687 0.104167
24 0.670313 0.829167 0.201562 0.330556
24 0.288672 0.413194 0.0929687 0.1625
