24 0.227734 0.248611 0.0242187 0.075
24 0.455469 0.211806 0.021875 0.0708333
31 0.571484 0.65 0.0304688 0.125
24 0.246484 0.25625 0.0257812 0.0791667
37 0.773828 0.195833 0.160156 0.119444
24 0.141797 0.268056 0.0367187 0.0833333
24 0.439453 0.215972 0.0210938 0.0736111
24 0.381641 0.284722 0.0226563 0.0861111
24 0.422656 0.229167 0.0234375 0.0805556
37 0.980469 0.246528 0.0390625 0.115278
24 0.600391 0.205556 0.0179687 0.0638889
24 0.402734 0.227778 0.0226563 0.0777778
24 0.585547 0.201389 0.0179687 0.0638889
24 0.610156 0.202778 0.01875 0.0638889
24 0.635938 0.2125 0.021875 0.0722222
24 0.56875 0.210417 0.021875 0.0736111
15 0.966406 0.227778 0.0640625 0.0972222
31 0.571875 0.567361 0.034375 0.154167
24 0.185937 0.269444 0.04375 0.0888889
24 0.257031 0.327083 0.03125 0.120833
24 0.985937 0.420833 0.028125 0.197222
31 0.539062 0.618056 0.0328125 0.186111
24 0.489844 0.255556 0.025 0.0888889
24 0.55 0.246528 0.0234375 0.0791667
24 0.433203 0.325 0.0367187 0.125
24 0.892187 0.240278 0.0546875 0.0972222
14 0.515234 0.216667 0.0945313 0.113889
15 0.341406 0.256944 0.107813 0.1
24 0.240625 0.402083 0.046875 0.159722
13 0.455078 0.427083 0.0960938 0.173611
15 0.0648438 0.297222 0.129688 0.105556
24 0.779688 0.333333 0.078125 0.147222
24 0.80625 0.470833 0.05625 0.186111
15 0.344922 0.327778 0.0945313 0.141667
24 0.558203 0.810417 0.174219 0.3375
24 0.35625 0.407639 0.0859375 0.145833
