24 0.561719 0.208333 0.0203125 0.0666667
24 0.601562 0.214583 0.0234375 0.0708333
24 0.170703 0.264583 0.0367187 0.0875
24 0.551172 0.213194 0.0195312 0.0652778
31 0.471094 0.424306 0.084375 0.170833
37 0.706641 0.2 0.117969 0.111111
24 0.539453 0.2125 0.0179687 0.0638889
24 0.520312 0.210417 0.021875 0.0736111
37 0.505469 0.184028 0.0515625 0.0652778
15 0.457422 0.230556 0.100781 0.122222
23 0.323828 0.376389 0.0210938 0.0194444
14 0.457422 0.227778 0.102344 0.119444
24 0.393359 0.333333 0.0382813 0.122222
24 0.112891 0.279861 0.0554687 0.0902778
24 0.577734 0.220833 0.0226563 0.0833333
24 0.876172 0.246528 0.0507812 0.101389
31 0.519922 0.626389 0.0523437 0.194444
24 0.438672 0.265972 0.0289063 0.0930556
24 0.498047 0.254167 0.0257812 0.0916667
24 0.989844 0.286806 0.0203125 0.109722
31 0.544141 0.626389 0.0539063 0.244444
15 0.971484 0.253472 0.0570313 0.1125
15 0.928906 0.239583 0.084375 0.0902778
24 0.20625 0.348611 0.0375 0.122222
24 0.757031 0.445139 0.0578125 0.176389
24 0.946875 0.4125 0.0546875 0.155556
15 0.276953 0.267361 0.121094 0.104167
15 0.0285156 0.302778 0.0570313 0.1
13 0.471094 0.426389 0.0890625 0.175
24 0.844922 0.327778 0.0710938 0.138889
24 0.185937 0.421528 0.05 0.176389
24 0.406641 0.778472 0.160156 0.329167
24 0.386328 0.401389 0.0789063 0.152778
15 0.305078 0.338889 0.102344 0.141667
