24 0.457422 0.219444 0.0164062 0.0777778
24 0.247656 0.248611 0.0265625 0.075
24 0.314844 0.239583 0.03125 0.0708333
24 0.155078 0.919444 0.130469 0.158333
24 0.167187 0.263889 0.034375 0.0861111
24 0.616797 0.202778 0.0226563 0.0638889
24 0.653125 0.204861 0.0234375 0.0847222
24 0.419922 0.225 0.0210938 0.0722222
37 0.827344 0.189583 0.135937 0.109722
24 0.989062 0.436111 0.0203125 0.2
24 0.658203 0.908333 0.139844 0.183333
24 0.383984 0.28125 0.0242187 0.0930556
24 0.212891 0.265278 0.0445312 0.0916667
24 0.447656 0.225694 0.0265625 0.0791667
23 0.35 0.366667 0.021875 0.0194444
24 0.582812 0.210417 0.0296875 0.0736111
15 0.969141 0.247222 0.0617188 0.127778
13 0.407031 0.433333 0.1 0.177778
24 0.500391 0.25 0.0273438 0.0861111
24 0.5625 0.240278 0.025 0.0777778
24 0.251953 0.392361 0.0445312 0.156944
31 0.408203 0.431944 0.0945313 0.172222
24 0.914062 0.232639 0.028125 0.0847222
31 0.558984 0.572222 0.0382813 0.155556
24 0.433984 0.322917 0.0367187 0.126389
24 0.871484 0.239583 0.0492188 0.0958333
24 0.686719 0.346528 0.084375 0.154167
24 0.981641 0.283333 0.0367187 0.111111
31 0.523047 0.621528 0.0398437 0.198611
24 0.820312 0.499306 0.071875 0.204167
31 0.558594 0.669444 0.0578125 0.155556
14 0.528125 0.215278 0.0875 0.111111
15 0.367188 0.253472 0.103125 0.0902778
15 0.34375 0.326389 0.0859375 0.136111
24 0.296484 0.415278 0.0898438 0.155556
24 0.659375 0.825 0.2 0.325
15 0.0769531 0.297222 0.152344 0.105556
