24 0.656641 0.196528 0.0242187 0.0652778
27 0.947656 0.0145833 0.0140625 0.0236111
24 0.633984 0.195833 0.0242187 0.0694444
15 0.872266 0.172222 0.0726563 0.0861111
14 0.575 0.197917 0.090625 0.109722
24 0.994141 0.295139 0.0117188 0.148611
24 0.299219 0.245833 0.0390625 0.0916667
24 0.336328 0.318056 0.0929687 0.15
24 0.405078 0.257639 0.0273438 0.0958333
15 0.973828 0.1625 0.0507812 0.0527778
31 0.503516 0.577083 0.0382813 0.173611
24 0.374219 0.908333 0.139062 0.183333
24 0.489453 0.209722 0.0210938 0.0666667
24 0.535156 0.227083 0.021875 0.0819444
24 0.522266 0.204861 0.0257812 0.0791667
31 0.226953 0.447917 0.105469 0.181944
24 0.928516 0.276389 0.0570313 0.113889
24 0.0191406 0.28125 0.0382813 0.0902778
24 0.0699219 0.275694 0.0507812 0.0819444
15 0.908594 0.254167 0.104687 0.105556
24 0.816406 0.220833 0.05 0.105556
24 0.610156 0.213889 0.0234375 0.0777778
31 0.466406 0.625694 0.046875 0.198611
24 0.886328 0.288194 0.0570313 0.120833
15 0.573828 0.196528 0.0882813 0.109722
13 0.226172 0.447917 0.107031 0.181944
31 0.498437 0.666667 0.046875 0.183333
24 0.44375 0.288889 0.03125 0.119444
24 0.947656 0.623611 0.101562 0.272222
15 0.975391 0.216667 0.0492188 0.0916667
24 0.382031 0.7625 0.0921875 0.308333
15 0.347656 0.3125 0.084375 0.130556
15 0.439063 0.238889 0.0921875 0.0944444
24 0.0738281 0.445139 0.114844 0.168056
15 0.1625 0.281944 0.140625 0.1
24 0.326562 0.378472 0.0984375 0.184722
