24 0.964453 0.264583 0.0617188 0.120833
24 0.639063 0.198611 0.0296875 0.0666667
23 0.339063 0.340278 0.0296875 0.0166667
15 0.970312 0.157639 0.05625 0.0513889
31 0.518359 0.600694 0.0398437 0.2125
15 0.441016 0.172222 0.0523437 0.05
24 0.00859375 0.269444 0.0171875 0.119444
24 0.438281 0.292361 0.034375 0.1125
15 0.858984 0.167361 0.0882813 0.0875
24 0.940234 0.251389 0.110156 0.161111
24 0.917578 0.276389 0.0617188 0.133333
23 0.337891 0.348611 0.0210938 0.0166667
24 0.276563 0.247917 0.0375 0.0902778
13 0.275 0.439583 0.101562 0.181944
24 0.301562 0.361111 0.0484375 0.152778
24 0.942187 0.868056 0.115625 0.263889
24 0.4 0.2625 0.025 0.0888889
24 0.506641 0.202778 0.0304688 0.0888889
15 0.975 0.213194 0.05 0.0930556
24 0.0460938 0.275 0.05625 0.0888889
24 0.473828 0.201389 0.0242187 0.0805556
24 0.9 0.58125 0.0921875 0.248611
24 0.598047 0.214583 0.0242187 0.0819444
31 0.275 0.439583 0.1 0.184722
24 0.526953 0.229167 0.0242187 0.0805556
31 0.480469 0.617361 0.0375 0.201389
24 0.830469 0.220833 0.046875 0.102778
15 0.566406 0.195139 0.0890625 0.109722
31 0.51875 0.661111 0.0578125 0.175
24 0.426953 0.359722 0.0914062 0.188889
15 0.417969 0.239583 0.101562 0.0958333
15 0.342578 0.313194 0.0851562 0.140278
24 0.134375 0.434028 0.10625 0.165278
24 0.431641 0.796528 0.105469 0.301389
15 0.140625 0.284028 0.151562 0.101389
