23 0.605078 0.863194 0.0257812 0.0347222
24 0.371484 0.188889 0.0164062 0.0583333
24 0.659766 0.209722 0.0257812 0.0722222
23 0.805469 0.502778 0.0171875 0.025
24 0.433203 0.216667 0.0195312 0.0722222
31 0.463672 0.426389 0.0867188 0.172222
24 0.5625 0.213194 0.0234375 0.0708333
31 0.573438 0.565278 0.034375 0.15
31 0.542188 0.601389 0.0265625 0.152778
24 0.135547 0.267361 0.0398437 0.0847222
24 0.241797 0.255556 0.0289063 0.0805556
24 0.605859 0.204167 0.0179687 0.0638889
37 0.760547 0.194444 0.135156 0.116667
24 0.222656 0.252083 0.0234375 0.0819444
15 0.982813 0.250694 0.034375 0.1125
24 0.396094 0.228472 0.021875 0.0763889
24 0.580469 0.202778 0.015625 0.0638889
24 0.417969 0.231944 0.0234375 0.0805556
24 0.594141 0.20625 0.0164062 0.0597222
24 0.632422 0.2125 0.0210938 0.0777778
31 0.573047 0.663194 0.0335938 0.148611
24 0.180469 0.269444 0.0453125 0.0916667
24 0.254687 0.334028 0.03125 0.118056
15 0.966016 0.230556 0.0664062 0.0944444
24 0.487891 0.25625 0.0273438 0.0875
24 0.546484 0.25 0.0242187 0.075
24 0.984375 0.420833 0.03125 0.186111
24 0.897656 0.241667 0.05625 0.0972222
24 0.432813 0.325694 0.0390625 0.126389
13 0.464844 0.427083 0.09375 0.173611
24 0.803125 0.465972 0.0578125 0.184722
24 0.798828 0.330556 0.0773437 0.144444
15 0.335547 0.259028 0.108594 0.101389
24 0.238281 0.401389 0.0484375 0.166667
15 0.0605469 0.298611 0.121094 0.1
14 0.510547 0.217361 0.0914062 0.115278
24 0.536328 0.802778 0.171094 0.338889
15 0.341797 0.330556 0.0929687 0.138889
24 0.369141 0.401389 0.0851562 0.152778
