31 0.526172 0.58125 0.0351562 0.154167
24 0.310547 0.252778 0.0242187 0.0777778
24 0.994531 0.305556 0.0109375 0.119444
15 0.469141 0.193056 0.0445312 0.0555556
24 0.0175781 0.284722 0.0351562 0.0861111
24 0.517969 0.215972 0.021875 0.0680556
24 0.117188 0.28125 0.0390625 0.0763889
24 0.329297 0.2375 0.0257812 0.0722222
24 0.0804688 0.277778 0.0390625 0.0805556
24 0.851953 0.25 0.0304688 0.1
15 0.410156 0.240972 0.0984375 0.123611
23 0.299609 0.385417 0.0242187 0.0180556
24 0.291406 0.247917 0.0296875 0.0819444
24 0.498828 0.221528 0.0210938 0.0652778
37 0.667188 0.211111 0.104687 0.111111
24 0.400781 0.275 0.028125 0.0916667
24 0.478906 0.221528 0.021875 0.0708333
24 0.053125 0.288889 0.046875 0.0916667
24 0.982422 0.286111 0.0335938 0.116667
24 0.536328 0.229861 0.0226563 0.0875
24 0.557813 0.224306 0.021875 0.0736111
14 0.410156 0.234722 0.0984375 0.119444
31 0.515234 0.63125 0.0601562 0.226389
24 0.460156 0.260417 0.028125 0.101389
15 0.223047 0.275 0.116406 0.1
24 0.171094 0.365972 0.0390625 0.1375
15 0.962109 0.259028 0.0757812 0.115278
24 0.876562 0.320139 0.0640625 0.143056
24 0.724219 0.433333 0.059375 0.177778
24 0.360938 0.338889 0.0359375 0.125
13 0.474609 0.428472 0.0898438 0.173611
15 0.897266 0.246528 0.0835937 0.0930556
24 0.913281 0.406944 0.0484375 0.15
24 0.146094 0.4375 0.0484375 0.180556
24 0.314453 0.757639 0.153906 0.326389
15 0.276172 0.347222 0.108594 0.15
24 0.399609 0.402778 0.0804688 0.144444
