24 0.452344 0.215972 0.021875 0.0736111
31 0.428906 0.425694 0.0953125 0.176389
15 0.434375 0.19375 0.05 0.0652778
31 0.727734 0.919444 0.108594 0.158333
24 0.437109 0.223611 0.0273438 0.0833333
24 0.618359 0.202778 0.0179687 0.0638889
23 0.354297 0.366667 0.0226563 0.0194444
24 0.382812 0.283333 0.0234375 0.0888889
24 0.576953 0.209722 0.0226563 0.0777778
24 0.4125 0.227083 0.021875 0.0791667
24 0.645703 0.207639 0.0226563 0.0819444
24 0.989062 0.432639 0.021875 0.193056
24 0.605078 0.203472 0.0179687 0.0597222
24 0.263672 0.324306 0.0304688 0.118056
24 0.917188 0.232639 0.0265625 0.0847222
31 0.568359 0.569444 0.0382813 0.152778
24 0.201562 0.266667 0.046875 0.0972222
15 0.974219 0.247222 0.0515625 0.102778
24 0.988672 0.283333 0.0226563 0.111111
24 0.495703 0.25 0.0242187 0.0861111
24 0.434375 0.323611 0.034375 0.125
24 0.556641 0.242361 0.0242187 0.0791667
31 0.565234 0.670139 0.0445312 0.151389
24 0.880469 0.240972 0.0515625 0.0902778
24 0.323047 0.411111 0.0867188 0.155556
31 0.529297 0.624306 0.0507812 0.201389
15 0.345313 0.324306 0.0890625 0.1375
13 0.428516 0.425694 0.0992187 0.181944
15 0.355859 0.253472 0.105469 0.0930556
24 0.729297 0.340278 0.0820312 0.152778
24 0.248828 0.397222 0.0492188 0.158333
14 0.521875 0.214583 0.0890625 0.1125
24 0.814062 0.483333 0.0671875 0.197222
15 0.0707031 0.297222 0.141406 0.102778
24 0.609766 0.823611 0.182031 0.347222
