31 0.245312 0.445139 0.101562 0.179167
24 0.626172 0.19375 0.0226563 0.0680556
27 0.946094 0.0138889 0.0140625 0.0222222
23 0.950781 0.661111 0.0296875 0.0416667
14 0.569531 0.195139 0.0890625 0.1125
24 0.294922 0.249306 0.0460938 0.0847222
24 0.403516 0.261806 0.0242187 0.0875
24 0.516406 0.201389 0.0265625 0.0861111
15 0.974609 0.159028 0.0492188 0.0513889
24 0.896875 0.277778 0.0609375 0.133333
24 0.401172 0.916667 0.141406 0.163889
24 0.482812 0.205556 0.025 0.0722222
31 0.508594 0.575694 0.0390625 0.168056
24 0.0144531 0.282639 0.0289063 0.0902778
24 0.925391 0.267361 0.0882813 0.134722
15 0.344922 0.302778 0.0835937 0.113889
15 0.865625 0.174306 0.0796875 0.0958333
13 0.244531 0.444444 0.107813 0.180556
31 0.469141 0.625694 0.0460938 0.206944
24 0.0582031 0.272917 0.0476562 0.0875
24 0.60625 0.213889 0.0234375 0.0833333
24 0.532422 0.225694 0.0226563 0.0847222
24 0.821484 0.21875 0.0492188 0.106944
24 0.313281 0.357639 0.0546875 0.151389
15 0.569141 0.195833 0.0882813 0.111111
31 0.507422 0.670833 0.0382813 0.152778
24 0.399609 0.774306 0.0976562 0.304167
24 0.442578 0.292361 0.0335938 0.118056
15 0.975 0.215278 0.05 0.0888889
24 0.364844 0.370833 0.0953125 0.188889
15 0.430078 0.238194 0.0976562 0.0958333
24 0.930469 0.609722 0.101562 0.266667
15 0.155859 0.279167 0.146094 0.105556
24 0.0960938 0.441667 0.109375 0.166667
