24 0.0132813 0.28125 0.0265625 0.0847222
13 0.334766 0.431944 0.0976562 0.180556
24 0.642969 0.192361 0.025 0.0625
24 0.445703 0.2125 0.0148437 0.0694444
27 0.939062 0.0138889 0.0140625 0.0222222
24 0.908203 0.222917 0.0320312 0.0930556
12 0.551953 0.2 0.0882813 0.113889
15 0.977344 0.176389 0.0453125 0.0555556
24 0.0226563 0.827083 0.0453125 0.326389
24 0.501953 0.196528 0.0195312 0.0708333
37 0.842578 0.175 0.116406 0.1
15 0.958984 0.163889 0.0554687 0.0555556
24 0.334375 0.43125 0.1 0.179167
15 0.551172 0.200694 0.0882813 0.1125
24 0.0332031 0.288194 0.0476562 0.0902778
23 0.344531 0.340278 0.0328125 0.0194444
24 0.991797 0.265278 0.0164062 0.119444
24 0.459375 0.210417 0.01875 0.0736111
23 0.932813 0.970833 0.0265625 0.0388889
15 0.432422 0.176389 0.0398437 0.05
23 0.344922 0.349306 0.0257812 0.0180556
15 0.841406 0.176389 0.117188 0.1
24 0.612891 0.200694 0.0289063 0.0708333
15 0.953125 0.244444 0.090625 0.113889
24 0.392188 0.267361 0.028125 0.0986111
14 0.552734 0.199306 0.0898438 0.115278
24 0.291797 0.305556 0.0320312 0.111111
24 0.481641 0.2125 0.0273438 0.0805556
24 0.582422 0.223611 0.0242187 0.0833333
31 0.537891 0.565972 0.0320312 0.148611
24 0.249219 0.25625 0.0375 0.0902778
24 0.95 0.280556 0.0546875 0.113889
31 0.334375 0.430556 0.1 0.186111
31 0.534766 0.669444 0.0523437 0.155556
24 0.515234 0.233333 0.0257812 0.0888889
31 0.494531 0.618056 0.040625 0.191667
24 0.845312 0.229861 0.05 0.0930556
24 0.856641 0.539583 0.0804688 0.229167
24 0.435937 0.306944 0.0359375 0.122222
24 0.277734 0.372917 0.0476562 0.154167
15 0.341406 0.318056 0.0796875 0.141667
15 0.394141 0.248611 0.105469 0.0972222
15 0.114063 0.286806 0.15 0.104167
24 0.544141 0.359028 0.0867188 0.156944
24 0.207031 0.423611 0.096875 0.163889
24 0.838672 0.854167 0.225781 0.291667
24 0.521484 0.853472 0.150781 0.293056
