24 0.329297 0.227778 0.0304688 0.075
24 0.259375 0.242361 0.0265625 0.0763889
32 0.932813 0.0194444 0.021875 0.025
13 0.375 0.424306 0.103125 0.190278
24 0.445703 0.209722 0.0179687 0.0777778
24 0.431641 0.21875 0.0179687 0.0680556
24 0.3875 0.274306 0.028125 0.0958333
14 0.835156 0.179861 0.123438 0.104167
24 0.488281 0.204167 0.021875 0.0722222
15 0.434375 0.177778 0.0375 0.05
24 0.0128906 0.290278 0.0257812 0.0972222
24 0.596484 0.205556 0.0257812 0.075
23 0.349219 0.361806 0.0296875 0.0208333
24 0.462891 0.218056 0.0273438 0.0888889
24 0.278906 0.31875 0.0328125 0.120833
24 0.0738281 0.907639 0.125781 0.179167
24 0.912109 0.224306 0.0289063 0.0902778
24 0.572266 0.234028 0.0242187 0.0763889
24 0.229687 0.263889 0.040625 0.0888889
24 0.858594 0.235417 0.0515625 0.0930556
24 0.971875 0.28125 0.053125 0.118056
24 0.50625 0.240972 0.0296875 0.0930556
31 0.513281 0.620833 0.046875 0.202778
14 0.541016 0.207639 0.0898438 0.1125
31 0.373828 0.426389 0.0976562 0.191667
15 0.9625 0.238889 0.075 0.116667
24 0.433594 0.317361 0.0359375 0.120833
31 0.550391 0.621528 0.0492188 0.254167
15 0.341797 0.324306 0.0804688 0.1375
24 0.835938 0.516667 0.0734375 0.216667
15 0.381641 0.253472 0.103906 0.0986111
24 0.25625 0.413889 0.09375 0.163889
24 0.622656 0.351389 0.084375 0.155556
24 0.586328 0.880556 0.147656 0.238889
15 0.0925781 0.293056 0.150781 0.102778
24 0.736719 0.838194 0.207813 0.323611
