32 0.944922 0.0125 0.0148437 0.0194444
23 0.340625 0.341667 0.03125 0.0166667
11 0.952344 0.894444 0.0953125 0.211111
24 0.950781 0.895139 0.0984375 0.209722
24 0.642187 0.197222 0.0296875 0.0666667
23 0.926172 0.640278 0.0289063 0.0416667
15 0.973437 0.158333 0.0515625 0.05
23 0.338672 0.347222 0.0210938 0.0166667
24 0.280469 0.249306 0.0390625 0.0875
15 0.861719 0.168056 0.0875 0.0888889
14 0.566406 0.194444 0.0890625 0.111111
24 0.401172 0.264583 0.0242187 0.0875
24 0.508594 0.202778 0.0296875 0.0916667
24 0.009375 0.277778 0.01875 0.0944444
31 0.516406 0.639583 0.05625 0.209722
24 0.0507812 0.272917 0.059375 0.0902778
24 0.475 0.2 0.025 0.0833333
24 0.599609 0.213889 0.0242187 0.0833333
15 0.566406 0.195833 0.0890625 0.111111
24 0.960938 0.265278 0.0578125 0.122222
24 0.9125 0.279167 0.0578125 0.130556
24 0.527734 0.227778 0.0242187 0.0833333
31 0.478906 0.618056 0.0359375 0.202778
24 0.301953 0.360417 0.0492188 0.151389
24 0.905469 0.586806 0.090625 0.254167
15 0.975391 0.214583 0.0492188 0.0902778
24 0.829297 0.219444 0.0476562 0.105556
31 0.269531 0.440972 0.101562 0.179167
24 0.441016 0.295833 0.0304688 0.116667
15 0.420312 0.238889 0.101562 0.0972222
15 0.343359 0.311806 0.0867188 0.1375
24 0.425781 0.786111 0.104687 0.294444
15 0.142969 0.284028 0.15 0.104167
24 0.126953 0.435417 0.108594 0.165278
24 0.415234 0.36875 0.0929687 0.168056
