11 0.936719 0.616667 0.103125 0.266667
15 0.974609 0.163194 0.0492188 0.0513889
24 0.313281 0.359028 0.0515625 0.151389
27 0.946875 0.0138889 0.0140625 0.0222222
14 0.571094 0.195833 0.0875 0.111111
24 0.405078 0.260417 0.0242187 0.0902778
24 0.295703 0.245139 0.0429688 0.0930556
24 0.485547 0.20625 0.0226563 0.0736111
31 0.506641 0.578472 0.0382813 0.170833
15 0.867969 0.170833 0.0765625 0.0861111
24 0.51875 0.203472 0.0265625 0.0819444
24 0.937891 0.272222 0.0585938 0.125
24 0.89375 0.279861 0.0609375 0.1375
31 0.505078 0.649306 0.0414063 0.195833
24 0.0160156 0.281944 0.0320312 0.0916667
24 0.0625 0.275 0.05 0.0833333
24 0.392188 0.914583 0.1375 0.170833
31 0.468359 0.623611 0.0476562 0.2
24 0.820703 0.221528 0.0492188 0.101389
24 0.533203 0.227083 0.0226563 0.0819444
24 0.607813 0.213889 0.0234375 0.0777778
15 0.570703 0.196528 0.0867188 0.109722
15 0.975 0.215972 0.05 0.0930556
15 0.346094 0.30625 0.0875 0.120833
24 0.442578 0.292361 0.0320312 0.115278
24 0.936328 0.615972 0.100781 0.268056
13 0.238281 0.445833 0.107813 0.180556
24 0.39375 0.76875 0.0953125 0.306944
15 0.433594 0.238889 0.0953125 0.0944444
24 0.351562 0.382639 0.0984375 0.168056
15 0.157813 0.278472 0.142188 0.109722
24 0.0890625 0.441667 0.109375 0.166667
