15 0.965625 0.225694 0.0640625 0.0902778
15 0.682422 0.191667 0.0648438 0.0888889
24 0.593359 0.202083 0.0179687 0.0625
24 0.435937 0.225 0.028125 0.0805556
24 0.617578 0.203472 0.0179687 0.0625
23 0.355078 0.361111 0.0210938 0.0166667
24 0.383594 0.284722 0.0234375 0.0888889
24 0.574219 0.211806 0.025 0.0736111
24 0.603906 0.204861 0.0171875 0.0597222
24 0.917578 0.234028 0.0257812 0.0819444
24 0.409766 0.226389 0.0210938 0.0777778
24 0.989062 0.43125 0.021875 0.198611
24 0.199609 0.265278 0.0445312 0.0972222
24 0.262891 0.325 0.0304688 0.113889
24 0.64375 0.211111 0.021875 0.0777778
15 0.975781 0.25 0.0484375 0.102778
31 0.569922 0.56875 0.0367187 0.148611
24 0.990234 0.282639 0.0195312 0.1125
24 0.434375 0.321528 0.034375 0.120833
24 0.883594 0.240972 0.0515625 0.0930556
24 0.495313 0.251389 0.025 0.0861111
31 0.564844 0.66875 0.0453125 0.151389
24 0.555469 0.243056 0.0234375 0.0805556
15 0.353516 0.253472 0.103906 0.0902778
31 0.529688 0.624306 0.05 0.198611
13 0.434375 0.425 0.1 0.183333
14 0.521484 0.214583 0.0898438 0.1125
15 0.345313 0.323611 0.090625 0.138889
24 0.8125 0.481944 0.0671875 0.197222
24 0.247266 0.397222 0.0476562 0.161111
24 0.739062 0.338889 0.0796875 0.15
15 0.0699219 0.297222 0.139844 0.102778
24 0.601172 0.822917 0.182031 0.345833
24 0.330859 0.411111 0.0882813 0.152778
