15 0.432422 0.195833 0.0476562 0.0666667
15 0.682813 0.19375 0.0640625 0.0875
24 0.151562 0.266667 0.0359375 0.0861111
24 0.918359 0.234028 0.0257812 0.0819444
24 0.435937 0.221528 0.0234375 0.0847222
31 0.438672 0.425694 0.0914062 0.179167
24 0.991797 0.280556 0.0164062 0.125
24 0.616016 0.202778 0.0179687 0.0638889
15 0.966797 0.225694 0.0632813 0.0902778
24 0.590625 0.201389 0.0171875 0.0638889
23 0.354297 0.345139 0.0210938 0.0152778
24 0.382812 0.284722 0.0234375 0.0888889
24 0.603906 0.204167 0.0171875 0.0611111
24 0.261719 0.323611 0.0296875 0.119444
24 0.408203 0.228472 0.0210938 0.0763889
24 0.572656 0.211111 0.025 0.0777778
15 0.977344 0.251389 0.0453125 0.108333
31 0.563672 0.665972 0.0445312 0.148611
24 0.642187 0.210417 0.021875 0.0791667
24 0.988281 0.436111 0.0234375 0.183333
24 0.196094 0.265278 0.046875 0.0972222
24 0.494531 0.252778 0.025 0.0833333
24 0.885938 0.243056 0.0515625 0.0888889
31 0.571094 0.564583 0.0359375 0.143056
24 0.434766 0.321528 0.0335938 0.120833
24 0.554297 0.24375 0.0242187 0.0819444
13 0.439844 0.426389 0.0984375 0.177778
14 0.519922 0.215278 0.0929687 0.111111
15 0.35 0.254167 0.107813 0.0944444
15 0.345703 0.322917 0.0914062 0.134722
24 0.246094 0.397222 0.0484375 0.163889
24 0.811328 0.479167 0.0648438 0.191667
31 0.530078 0.622222 0.0460938 0.197222
24 0.749609 0.3375 0.0820312 0.15
15 0.06875 0.296528 0.1375 0.104167
24 0.590625 0.820139 0.178125 0.343056
24 0.336328 0.410417 0.0882813 0.151389
