24 0.639063 0.186806 0.0171875 0.0652778
24 0.680469 0.192361 0.0328125 0.0625
24 0.0460938 0.283333 0.040625 0.0861111
23 0.882422 0.6 0.0226563 0.0333333
15 0.965625 0.161806 0.0578125 0.0541667
24 0.461328 0.209028 0.0226563 0.0736111
24 0.602734 0.196528 0.0210938 0.0652778
15 0.843359 0.175 0.116406 0.1
24 0.50625 0.188889 0.021875 0.0777778
24 0.651953 0.190278 0.0195312 0.0666667
24 0.0222656 0.277778 0.0429688 0.0833333
15 0.946094 0.246528 0.1 0.109722
24 0.622656 0.2 0.0296875 0.0694444
23 0.342969 0.344444 0.028125 0.0166667
13 0.316016 0.434028 0.0992187 0.184722
23 0.341797 0.351389 0.0226563 0.0194444
24 0.489062 0.2125 0.0265625 0.0777778
24 0.395312 0.265972 0.0265625 0.0930556
14 0.557422 0.195833 0.0914062 0.113889
15 0.557813 0.197222 0.090625 0.113889
24 0.985156 0.266667 0.0296875 0.111111
31 0.531641 0.563889 0.0351562 0.144444
24 0.257422 0.252083 0.0367187 0.0902778
24 0.51875 0.231944 0.0234375 0.0888889
24 0.940234 0.277778 0.0570313 0.125
31 0.494141 0.620139 0.0367187 0.195833
24 0.5875 0.221528 0.0234375 0.0819444
24 0.284375 0.368056 0.05 0.15
31 0.316406 0.432639 0.0984375 0.190278
31 0.525 0.663889 0.0515625 0.155556
24 0.867188 0.554167 0.0796875 0.233333
24 0.4375 0.303472 0.034375 0.118056
24 0.840234 0.227083 0.0507812 0.0958333
15 0.341406 0.315972 0.0796875 0.1375
15 0.401953 0.243056 0.105469 0.0944444
15 0.121875 0.286111 0.146875 0.1
24 0.185547 0.426389 0.100781 0.169444
24 0.883203 0.860417 0.227344 0.279167
24 0.490234 0.841667 0.135156 0.313889
24 0.510156 0.3625 0.0875 0.158333
