37 0.491406 0.184722 0.0453125 0.0472222
24 0.540625 0.218056 0.0203125 0.0666667
23 0.932422 0.448611 0.0179687 0.0222222
15 0.373437 0.209722 0.0625 0.0722222
24 0.321094 0.25 0.025 0.0916667
24 0.340234 0.243056 0.0257812 0.0833333
24 0.151172 0.274306 0.0335938 0.0819444
24 0.378516 0.329861 0.0414063 0.101389
37 0.694531 0.209028 0.1125 0.1125
24 0.867578 0.253472 0.0539063 0.0986111
24 0.523828 0.219444 0.0179687 0.0666667
23 0.313281 0.383333 0.0203125 0.0194444
24 0.584766 0.219444 0.0242187 0.075
24 0.424219 0.270833 0.028125 0.0944444
31 0.538672 0.577083 0.0335938 0.148611
14 0.439453 0.233333 0.0992187 0.119444
24 0.503125 0.217361 0.021875 0.0708333
24 0.562109 0.225694 0.0226563 0.0847222
24 0.484375 0.257639 0.0265625 0.0986111
24 0.0898438 0.284722 0.0484375 0.0972222
15 0.439453 0.235417 0.0976562 0.120833
15 0.967578 0.258333 0.0648438 0.116667
31 0.533203 0.665278 0.0460938 0.166667
15 0.0199219 0.30625 0.0398437 0.101389
24 0.985937 0.290278 0.0265625 0.105556
31 0.505859 0.630556 0.0460938 0.194444
15 0.915625 0.244444 0.08125 0.0944444
24 0.743359 0.445139 0.0601562 0.176389
24 0.19375 0.360417 0.0359375 0.123611
24 0.851562 0.331944 0.0703125 0.136111
24 0.170703 0.429167 0.0476562 0.175
13 0.46875 0.432639 0.0890625 0.173611
24 0.933203 0.415972 0.0507812 0.154167
15 0.256641 0.272917 0.114844 0.101389
24 0.386719 0.403472 0.078125 0.154167
15 0.293359 0.347917 0.103906 0.143056
24 0.376953 0.776389 0.155469 0.327778
