24 0.00625 0.297917 0.0125 0.104167
14 0.674219 0.211111 0.109375 0.111111
24 0.0859375 0.278472 0.0390625 0.0791667
24 0.589453 0.20625 0.0257812 0.0680556
24 0.520312 0.218056 0.0203125 0.0666667
24 0.852734 0.251389 0.0304688 0.1
24 0.123828 0.279861 0.0382813 0.0819444
24 0.305859 0.249306 0.0414063 0.0847222
15 0.472656 0.188889 0.0453125 0.0527778
37 0.673437 0.211806 0.109375 0.109722
24 0.0605469 0.290972 0.0476562 0.0847222
31 0.524609 0.652083 0.0460938 0.1875
31 0.529297 0.577778 0.0335938 0.147222
23 0.301562 0.388194 0.0203125 0.0180556
15 0.416406 0.240972 0.0953125 0.123611
24 0.484375 0.221528 0.0203125 0.0708333
31 0.508984 0.634028 0.0460938 0.215278
24 0.563281 0.222222 0.021875 0.0777778
24 0.504297 0.21875 0.0195312 0.0680556
14 0.416016 0.235417 0.0960938 0.118056
24 0.542578 0.228472 0.0210938 0.0847222
24 0.464844 0.261111 0.028125 0.102778
24 0.983203 0.286806 0.0320312 0.118056
24 0.176563 0.365972 0.0390625 0.126389
24 0.403906 0.277083 0.0234375 0.0958333
24 0.364062 0.340278 0.034375 0.122222
15 0.963281 0.259028 0.0734375 0.115278
24 0.728125 0.436111 0.0609375 0.177778
15 0.9 0.247222 0.0859375 0.0916667
24 0.872266 0.325 0.0648438 0.138889
13 0.473047 0.43125 0.0898438 0.170833
24 0.151172 0.4375 0.0492188 0.183333
24 0.917188 0.409722 0.0484375 0.152778
15 0.232422 0.275 0.114844 0.1
24 0.326562 0.763889 0.151562 0.327778
15 0.279687 0.348611 0.109375 0.147222
24 0.396875 0.404861 0.0796875 0.145833
