24 0.559766 0.213194 0.0226563 0.0708333
31 0.469531 0.423611 0.0890625 0.172222
24 0.604688 0.202778 0.0171875 0.0638889
24 0.240234 0.257639 0.0335938 0.0847222
24 0.430859 0.216667 0.0226563 0.0694444
24 0.130469 0.268056 0.0421875 0.0833333
31 0.573828 0.565972 0.0351562 0.154167
24 0.219141 0.249306 0.0242187 0.0875
13 0.546484 0.609722 0.0382813 0.172222
31 0.546094 0.611806 0.0375 0.181944
24 0.392969 0.229861 0.0203125 0.0736111
24 0.486328 0.25625 0.0257812 0.0875
24 0.414844 0.231944 0.025 0.0833333
15 0.983594 0.249306 0.0328125 0.115278
31 0.574219 0.664583 0.0359375 0.145833
24 0.592578 0.205556 0.0179687 0.0611111
24 0.176172 0.270139 0.0460938 0.0902778
24 0.630078 0.2125 0.0210938 0.0777778
37 0.762891 0.190972 0.135156 0.1125
24 0.578125 0.203472 0.0171875 0.0652778
24 0.544922 0.249306 0.0242187 0.0763889
24 0.251563 0.333333 0.0328125 0.116667
15 0.965234 0.229167 0.0679687 0.0944444
24 0.899219 0.240972 0.05625 0.0986111
24 0.431641 0.325694 0.0414063 0.126389
24 0.801172 0.463889 0.0601562 0.183333
13 0.469141 0.425 0.0929687 0.175
24 0.982813 0.422222 0.034375 0.175
24 0.236328 0.403472 0.0476562 0.165278
15 0.332422 0.259028 0.108594 0.101389
24 0.524609 0.800694 0.171094 0.340278
14 0.507422 0.218056 0.0914062 0.113889
24 0.808594 0.328472 0.078125 0.145833
15 0.0589844 0.297917 0.117969 0.101389
15 0.340234 0.329861 0.0914062 0.1375
24 0.373828 0.398611 0.0851562 0.158333
