15 0.428125 0.179167 0.0296875 0.05
37 0.821875 0.182639 0.1 0.0986111
24 0.323828 0.228472 0.0289063 0.0763889
24 0.00703125 0.291667 0.0140625 0.1
24 0.591406 0.20625 0.028125 0.0847222
24 0.385156 0.279167 0.0265625 0.0972222
24 0.176172 0.261111 0.0414063 0.0888889
24 0.427734 0.222917 0.0195312 0.0708333
31 0.385547 0.431944 0.0960938 0.172222
24 0.458594 0.225 0.028125 0.0777778
14 0.820703 0.180556 0.0960938 0.1
24 0.485938 0.206944 0.021875 0.0722222
24 0.384766 0.428472 0.0976562 0.176389
23 0.348047 0.363889 0.0210938 0.0194444
24 0.913672 0.226389 0.0289063 0.0944444
24 0.276172 0.318056 0.0335938 0.113889
13 0.385156 0.430556 0.1 0.183333
24 0.607422 0.886111 0.155469 0.227778
24 0.569141 0.238194 0.0257812 0.0763889
31 0.518359 0.620139 0.0382813 0.201389
24 0.223828 0.263194 0.0414063 0.0930556
24 0.101172 0.909722 0.116406 0.172222
24 0.503906 0.241667 0.0296875 0.0944444
24 0.864062 0.236111 0.05 0.0916667
24 0.975781 0.282639 0.0484375 0.1125
24 0.433594 0.31875 0.0375 0.120833
15 0.964453 0.244444 0.0710938 0.122222
24 0.64375 0.350694 0.084375 0.156944
14 0.538672 0.209722 0.0882813 0.113889
24 0.829297 0.510417 0.0742188 0.215278
31 0.555469 0.620139 0.059375 0.251389
24 0.71875 0.834722 0.190625 0.327778
15 0.377344 0.251389 0.101562 0.0944444
24 0.269531 0.40625 0.09375 0.179167
15 0.0875 0.294444 0.153125 0.102778
15 0.341016 0.326389 0.0820312 0.138889
