32 0.932813 0.0194444 0.0203125 0.025
24 0.632031 0.197917 0.0171875 0.0680556
24 0.293359 0.243056 0.0335938 0.0833333
24 0.442578 0.211111 0.0179687 0.075
24 0.379687 0.428472 0.096875 0.173611
37 0.836328 0.181944 0.128906 0.1
24 0.009375 0.290972 0.01875 0.101389
24 0.429297 0.221528 0.0195312 0.0708333
15 0.433594 0.177778 0.0359375 0.05
24 0.177344 0.261111 0.040625 0.0888889
24 0.386328 0.271528 0.0257812 0.101389
24 0.594922 0.206944 0.0289063 0.075
24 0.486719 0.204861 0.021875 0.0736111
14 0.833203 0.180556 0.127344 0.102778
24 0.460156 0.222917 0.0265625 0.0791667
23 0.347656 0.363194 0.0203125 0.0180556
31 0.380469 0.43125 0.0953125 0.170833
24 0.0878906 0.911111 0.111719 0.169444
24 0.226953 0.264583 0.0414063 0.0930556
24 0.912891 0.225694 0.0289063 0.0930556
13 0.380469 0.430556 0.0984375 0.180556
24 0.277734 0.318056 0.0335938 0.119444
24 0.570703 0.236111 0.0242187 0.075
31 0.514063 0.61875 0.0453125 0.198611
24 0.861328 0.234028 0.0507812 0.0958333
24 0.505078 0.240972 0.0289063 0.0930556
24 0.974609 0.28125 0.0507812 0.109722
24 0.433984 0.318056 0.0367187 0.122222
14 0.539844 0.208333 0.0890625 0.113889
24 0.633203 0.351389 0.0835937 0.158333
31 0.552344 0.621528 0.053125 0.254167
15 0.963672 0.242361 0.0726563 0.123611
15 0.379687 0.251389 0.103125 0.0972222
24 0.833203 0.5125 0.0726563 0.213889
15 0.341016 0.324306 0.0804688 0.143056
24 0.592578 0.882639 0.142969 0.231944
15 0.0902344 0.293056 0.149219 0.102778
24 0.724219 0.836806 0.203125 0.326389
24 0.2625 0.413889 0.09375 0.166667
