24 0.553516 0.211806 0.0210938 0.0652778
24 0.0585938 0.283333 0.04375 0.0833333
24 0.385156 0.225 0.0203125 0.0694444
24 0.158594 0.271528 0.0328125 0.0819444
24 0.3875 0.329861 0.0390625 0.109722
15 0.363281 0.192361 0.0359375 0.0458333
23 0.316016 0.367361 0.0242187 0.0152778
37 0.497266 0.186806 0.0492188 0.0541667
15 0.78125 0.186806 0.053125 0.0541667
37 0.703125 0.20625 0.1125 0.118056
14 0.448828 0.229861 0.103906 0.118056
24 0.592188 0.216667 0.021875 0.075
24 0.542188 0.216667 0.0171875 0.0666667
31 0.542188 0.577778 0.034375 0.152778
24 0.510156 0.213889 0.021875 0.0694444
15 0.496094 0.185417 0.05 0.0513889
24 0.53125 0.216667 0.01875 0.0638889
23 0.317578 0.377778 0.0226563 0.0166667
24 0.871875 0.25 0.053125 0.1
24 0.569531 0.225 0.021875 0.0805556
24 0.0996094 0.28125 0.0460938 0.0986111
24 0.489844 0.257639 0.0265625 0.0930556
15 0.96875 0.25625 0.0625 0.120833
31 0.537109 0.636111 0.0507812 0.225
31 0.509766 0.627778 0.0492188 0.197222
15 0.448047 0.231944 0.102344 0.119444
24 0.430078 0.268056 0.0273438 0.0944444
15 0.920313 0.241667 0.0828125 0.0944444
24 0.747656 0.445833 0.0609375 0.177778
24 0.987891 0.290972 0.0242187 0.104167
15 0.0234375 0.302778 0.046875 0.102778
24 0.938281 0.413889 0.0546875 0.155556
24 0.199219 0.356944 0.0359375 0.125
13 0.469141 0.429861 0.0898438 0.176389
24 0.846875 0.331944 0.06875 0.133333
24 0.386328 0.400694 0.0789063 0.156944
24 0.177344 0.427083 0.0484375 0.173611
15 0.264844 0.270139 0.117188 0.104167
15 0.298828 0.344444 0.102344 0.141667
24 0.391016 0.777083 0.160156 0.331944
