23 0.202344 0.3 0.0109375 0.0138889
24 0.316797 0.25 0.0398437 0.0833333
24 0.0972656 0.272222 0.0398437 0.0777778
24 0.864453 0.259028 0.0539063 0.0930556
24 0.530859 0.219444 0.0210938 0.0666667
15 0.426562 0.240278 0.09375 0.122222
15 0.0125 0.30625 0.025 0.104167
24 0.1375 0.280556 0.0359375 0.0805556
37 0.483984 0.190278 0.0460938 0.0527778
24 0.512891 0.222917 0.0195312 0.0652778
37 0.684766 0.210417 0.111719 0.1125
24 0.0351562 0.286111 0.04375 0.0861111
24 0.371875 0.336111 0.034375 0.113889
23 0.306641 0.3875 0.0195312 0.0194444
24 0.492578 0.222222 0.0226563 0.0694444
24 0.573438 0.223611 0.0234375 0.0777778
31 0.529688 0.629861 0.0421875 0.240278
24 0.551953 0.23125 0.0226563 0.0847222
14 0.427734 0.235417 0.0960938 0.115278
24 0.473437 0.261111 0.028125 0.1
24 0.413672 0.276389 0.0242187 0.0916667
24 0.075 0.288194 0.046875 0.0930556
31 0.511719 0.634722 0.0578125 0.216667
15 0.908203 0.247222 0.0867188 0.0916667
24 0.984766 0.288889 0.0304688 0.108333
24 0.736328 0.440278 0.0570313 0.175
24 0.181641 0.361806 0.0367187 0.120833
15 0.965234 0.260417 0.0695312 0.118056
24 0.924219 0.415278 0.0515625 0.152778
15 0.244922 0.275694 0.119531 0.0986111
24 0.351562 0.772917 0.15625 0.326389
24 0.862109 0.333333 0.0664062 0.133333
24 0.160156 0.436806 0.0484375 0.173611
13 0.471094 0.434722 0.0890625 0.169444
15 0.285547 0.350694 0.107031 0.145833
24 0.391797 0.404861 0.0773437 0.151389
