24 0.618359 0.193056 0.0179687 0.0722222
24 0.994531 0.29375 0.0109375 0.148611
11 0.941797 0.619444 0.105469 0.269444
24 0.403906 0.258333 0.0265625 0.0944444
27 0.946875 0.0145833 0.0140625 0.0236111
14 0.571484 0.195833 0.0882813 0.111111
15 0.974219 0.1625 0.05 0.0527778
15 0.910547 0.252083 0.107031 0.109722
15 0.869531 0.170833 0.075 0.0861111
24 0.4875 0.207639 0.0203125 0.0708333
24 0.298047 0.245139 0.0414063 0.0930556
24 0.520703 0.204861 0.0257812 0.0791667
24 0.933984 0.275 0.0554687 0.116667
31 0.501562 0.626389 0.0453125 0.263889
24 0.065625 0.274306 0.05 0.0875
24 0.0175781 0.279167 0.0351562 0.0944444
24 0.817969 0.21875 0.05 0.109722
24 0.890625 0.286111 0.059375 0.125
24 0.533984 0.225694 0.0226563 0.0819444
31 0.468359 0.624306 0.0460938 0.201389
24 0.608594 0.213194 0.0234375 0.0791667
15 0.571484 0.196528 0.0882813 0.109722
24 0.382812 0.911111 0.1375 0.175
24 0.941797 0.61875 0.103906 0.270833
15 0.974609 0.215278 0.0507812 0.0916667
15 0.346484 0.308333 0.0851562 0.125
24 0.442969 0.288889 0.03125 0.119444
13 0.232812 0.447917 0.109375 0.181944
24 0.388281 0.769444 0.09375 0.311111
24 0.339453 0.377083 0.0992187 0.181944
15 0.435937 0.238194 0.096875 0.0958333
24 0.0808594 0.44375 0.111719 0.168056
15 0.161719 0.278472 0.142188 0.106944
