23 0.58125 0.856944 0.0265625 0.0361111
15 0.421875 0.202778 0.04375 0.0777778
24 0.605078 0.201389 0.0242187 0.0666667
15 0.444531 0.206944 0.0359375 0.075
15 0.503516 0.221528 0.0914062 0.115278
24 0.427734 0.217361 0.0242187 0.0736111
24 0.571875 0.202083 0.015625 0.0625
24 0.126172 0.269444 0.0398437 0.0833333
24 0.555469 0.2125 0.0203125 0.0777778
23 0.992578 0.458333 0.0132813 0.0222222
24 0.613281 0.200694 0.01875 0.0680556
24 0.411328 0.230556 0.0273438 0.0805556
24 0.389844 0.229167 0.021875 0.075
31 0.573828 0.566667 0.0335938 0.155556
15 0.983594 0.25 0.0328125 0.113889
24 0.592188 0.202778 0.021875 0.0694444
37 0.756641 0.189583 0.127344 0.106944
24 0.626562 0.214583 0.021875 0.0763889
24 0.483594 0.256944 0.025 0.0888889
24 0.170703 0.272917 0.0445312 0.0847222
24 0.899219 0.2375 0.05625 0.105556
24 0.542578 0.250694 0.0242187 0.0736111
31 0.547266 0.617361 0.0367187 0.198611
15 0.964063 0.230556 0.0703125 0.0944444
31 0.571484 0.663889 0.0460938 0.147222
24 0.798828 0.460417 0.0585938 0.184722
24 0.249609 0.335417 0.0351562 0.120833
24 0.430078 0.326389 0.0398437 0.127778
24 0.982031 0.41875 0.0359375 0.173611
15 0.328906 0.261111 0.110937 0.102778
24 0.233203 0.405556 0.0460938 0.163889
14 0.505078 0.219444 0.0914062 0.113889
13 0.472656 0.425694 0.09375 0.173611
24 0.816797 0.329167 0.0757812 0.144444
24 0.513672 0.797222 0.169531 0.338889
15 0.0574219 0.297917 0.114844 0.101389
15 0.339453 0.33125 0.0898438 0.1375
24 0.379687 0.398611 0.084375 0.158333
