24 0.161719 0.265972 0.0359375 0.0847222
24 0.265625 0.322917 0.03125 0.118056
24 0.455469 0.213194 0.01875 0.0763889
24 0.182422 0.926389 0.121094 0.147222
24 0.648047 0.208333 0.0226563 0.0777778
24 0.415234 0.225694 0.0210938 0.0763889
24 0.618359 0.202083 0.0179687 0.0625
24 0.498047 0.247917 0.0257812 0.0875
24 0.383203 0.281944 0.0242187 0.0916667
13 0.417969 0.431944 0.0953125 0.175
24 0.605859 0.202778 0.0164062 0.0638889
24 0.444141 0.223611 0.0273438 0.0861111
24 0.989844 0.43125 0.0203125 0.193056
24 0.579687 0.209722 0.025 0.0777778
23 0.351953 0.365972 0.0226563 0.0180556
24 0.20625 0.267361 0.04375 0.0930556
31 0.563672 0.575 0.0398437 0.158333
24 0.985547 0.283333 0.0289063 0.113889
24 0.558594 0.240278 0.0234375 0.0805556
31 0.417969 0.43125 0.096875 0.176389
24 0.915625 0.233333 0.028125 0.0861111
24 0.68125 0.905556 0.15 0.188889
15 0.971484 0.246528 0.0554687 0.1125
24 0.876172 0.238194 0.0492188 0.0958333
24 0.707812 0.34375 0.0828125 0.154167
24 0.433594 0.324306 0.0359375 0.123611
14 0.524219 0.213889 0.0890625 0.111111
24 0.627734 0.81875 0.180469 0.329167
31 0.560938 0.668056 0.0578125 0.158333
31 0.524219 0.622917 0.0390625 0.198611
15 0.361719 0.254167 0.101562 0.0916667
24 0.250781 0.394444 0.046875 0.161111
24 0.816797 0.490972 0.0679687 0.198611
15 0.344922 0.325 0.0867188 0.138889
15 0.0730469 0.296528 0.146094 0.104167
24 0.309375 0.413889 0.0875 0.155556
