24 0.99375 0.285417 0.0125 0.120833
24 0.431641 0.225694 0.0273438 0.0819444
24 0.625391 0.197917 0.0179687 0.0652778
23 0.354297 0.350694 0.0195312 0.0180556
31 0.565234 0.663194 0.0429688 0.145833
15 0.965234 0.225 0.0601562 0.0916667
24 0.615625 0.202778 0.015625 0.0638889
24 0.405859 0.230556 0.0210938 0.0694444
24 0.382812 0.284722 0.0234375 0.0861111
24 0.606641 0.204167 0.0195312 0.0611111
15 0.978516 0.247917 0.0429688 0.1125
31 0.444531 0.425 0.090625 0.175
24 0.590625 0.201389 0.0171875 0.0638889
24 0.572266 0.209722 0.0242187 0.0805556
24 0.194141 0.267361 0.0476562 0.0902778
24 0.887891 0.240278 0.0523437 0.0944444
24 0.259766 0.327083 0.0320312 0.118056
24 0.639453 0.2125 0.0210938 0.075
24 0.9875 0.427778 0.025 0.188889
24 0.493359 0.254167 0.0257812 0.0861111
31 0.571875 0.565278 0.0359375 0.147222
24 0.552734 0.244444 0.0242187 0.0805556
13 0.444922 0.426389 0.0960938 0.175
24 0.434375 0.322222 0.034375 0.125
15 0.348047 0.254861 0.108594 0.0930556
31 0.532422 0.620139 0.0414063 0.195833
14 0.518359 0.215972 0.0945313 0.1125
24 0.244141 0.397917 0.0476562 0.1625
24 0.759766 0.336111 0.0789063 0.15
24 0.809375 0.476389 0.0609375 0.188889
24 0.580078 0.815972 0.178906 0.345833
15 0.0671875 0.296528 0.134375 0.104167
15 0.344531 0.322917 0.09375 0.134722
24 0.342969 0.408333 0.0875 0.152778
