23 0.931641 0.645139 0.0289063 0.0430556
27 0.945312 0.0131944 0.0140625 0.0208333
24 0.644141 0.196528 0.0273438 0.0652778
24 0.401563 0.264583 0.0234375 0.0847222
15 0.976172 0.159028 0.0460938 0.0486111
23 0.3375 0.346528 0.01875 0.0152778
31 0.514453 0.592361 0.0398437 0.190278
14 0.567187 0.195833 0.0890625 0.111111
24 0.282422 0.25 0.0382813 0.0833333
24 0.960547 0.891667 0.0789063 0.213889
13 0.263281 0.441667 0.101562 0.180556
15 0.863281 0.170139 0.0859375 0.0930556
24 0.509766 0.204861 0.0273438 0.0847222
24 0.908594 0.277083 0.059375 0.1375
24 0.476562 0.200694 0.025 0.0847222
24 0.528516 0.227083 0.0226563 0.0875
31 0.2625 0.440972 0.101562 0.179167
24 0.0109375 0.270833 0.021875 0.108333
24 0.956641 0.263194 0.0601562 0.129167
24 0.601172 0.213889 0.0242187 0.0861111
31 0.513672 0.648611 0.0507812 0.197222
24 0.0511719 0.273611 0.0539063 0.0888889
15 0.566797 0.195833 0.0882813 0.111111
15 0.974609 0.214583 0.0507812 0.0902778
24 0.303516 0.359028 0.0492188 0.151389
24 0.827734 0.219444 0.0492188 0.105556
31 0.476172 0.620833 0.0367187 0.205556
15 0.344141 0.308333 0.0835937 0.125
15 0.421875 0.238889 0.1 0.0972222
24 0.910937 0.59375 0.090625 0.256944
24 0.441406 0.29375 0.0328125 0.115278
24 0.419141 0.782639 0.100781 0.2875
15 0.147656 0.280556 0.15 0.108333
24 0.11875 0.4375 0.107813 0.163889
24 0.401563 0.372917 0.09375 0.165278
