15 0.976953 0.158333 0.0445312 0.0472222
24 0.423438 0.91875 0.146875 0.1625
23 0.336719 0.35 0.01875 0.0166667
24 0.978516 0.881944 0.0429688 0.236111
27 0.946094 0.0131944 0.0140625 0.0208333
24 0.647266 0.195139 0.0257812 0.0652778
24 0.402734 0.263889 0.0242187 0.0861111
24 0.2875 0.245833 0.040625 0.0888889
15 0.864062 0.172917 0.084375 0.0986111
24 0.905078 0.276389 0.0601562 0.133333
14 0.567187 0.195139 0.0890625 0.1125
24 0.927344 0.261111 0.109375 0.158333
24 0.511719 0.204167 0.0265625 0.0833333
24 0.478125 0.202083 0.025 0.0791667
31 0.256641 0.441667 0.103906 0.180556
24 0.530078 0.225 0.0210938 0.0861111
31 0.513281 0.61875 0.0515625 0.254167
13 0.25625 0.442361 0.104687 0.181944
15 0.566797 0.196528 0.0882813 0.1125
24 0.0128906 0.275 0.0257812 0.1
24 0.053125 0.274306 0.05 0.0875
24 0.30625 0.358333 0.0484375 0.15
15 0.975391 0.214583 0.0492188 0.0902778
31 0.473047 0.620833 0.0414063 0.202778
24 0.825781 0.219444 0.05 0.105556
24 0.603125 0.213889 0.0234375 0.0833333
24 0.916016 0.595139 0.0929687 0.2625
15 0.425 0.238889 0.0984375 0.0944444
24 0.442187 0.29375 0.0328125 0.115278
24 0.4125 0.779861 0.101562 0.295833
15 0.344531 0.307639 0.084375 0.123611
24 0.111719 0.4375 0.109375 0.166667
15 0.151562 0.280556 0.15 0.105556
24 0.389062 0.377083 0.0953125 0.1625
