24 0.199609 0.927778 0.128906 0.144444
15 0.431641 0.1875 0.0414063 0.0555556
24 0.471875 0.210417 0.0203125 0.0708333
24 0.433203 0.216667 0.0210938 0.0805556
24 0.452734 0.215278 0.0195312 0.075
24 0.646875 0.209028 0.021875 0.0763889
24 0.441016 0.223611 0.0257812 0.0861111
24 0.618359 0.204167 0.0179687 0.0611111
24 0.414062 0.226389 0.021875 0.0777778
24 0.382422 0.282639 0.0242187 0.0902778
23 0.353125 0.367361 0.0234375 0.0180556
31 0.423438 0.425 0.096875 0.183333
24 0.989453 0.434722 0.0210938 0.191667
24 0.603906 0.203472 0.015625 0.0625
24 0.578516 0.211806 0.0242187 0.0763889
24 0.712109 0.915972 0.113281 0.165278
24 0.264844 0.326389 0.0296875 0.108333
24 0.204688 0.267361 0.0453125 0.0930556
15 0.971875 0.246528 0.05625 0.109722
24 0.496484 0.248611 0.0242187 0.0888889
31 0.567187 0.575694 0.0390625 0.159722
13 0.423828 0.426389 0.0960938 0.183333
24 0.9875 0.284028 0.025 0.106944
24 0.916797 0.233333 0.0273438 0.0861111
31 0.564844 0.667361 0.05 0.159722
24 0.557813 0.242361 0.0234375 0.0791667
24 0.433203 0.323611 0.0351562 0.125
31 0.528516 0.625 0.0476562 0.2
24 0.878516 0.241667 0.0523437 0.0916667
24 0.718359 0.343056 0.0835937 0.152778
14 0.523438 0.213889 0.0890625 0.111111
15 0.345703 0.325694 0.0867188 0.140278
15 0.358203 0.254861 0.103906 0.0958333
24 0.815625 0.4875 0.06875 0.197222
24 0.249219 0.395139 0.0484375 0.159722
15 0.071875 0.297222 0.14375 0.102778
24 0.613672 0.820833 0.171094 0.333333
24 0.316797 0.4125 0.0867188 0.155556
