23 0.505859 0.840278 0.0257812 0.0305556
24 0.581641 0.203472 0.0210938 0.0652778
32 0.894141 0.0333333 0.0289063 0.025
24 0.620703 0.211806 0.0226563 0.0763889
24 0.539062 0.206944 0.0203125 0.0722222
31 0.475781 0.424306 0.0859375 0.176389
24 0.191406 0.259722 0.0359375 0.0916667
37 0.727734 0.195833 0.121094 0.111111
23 0.338281 0.374306 0.025 0.0208333
24 0.566016 0.209722 0.0226563 0.0666667
31 0.558594 0.579861 0.0375 0.165278
15 0.977344 0.255556 0.0453125 0.111111
24 0.886719 0.244444 0.0546875 0.0944444
24 0.514063 0.252778 0.0265625 0.0888889
24 0.130859 0.274306 0.0445312 0.0958333
24 0.596484 0.218056 0.0226563 0.0833333
24 0.455859 0.263194 0.0273438 0.0902778
15 0.944141 0.235417 0.0835937 0.0930556
31 0.560938 0.656944 0.053125 0.175
14 0.476953 0.222222 0.103906 0.116667
24 0.223438 0.342361 0.034375 0.115278
24 0.770703 0.447917 0.0617188 0.179167
31 0.529688 0.620833 0.0390625 0.202778
24 0.962891 0.413194 0.0539063 0.156944
24 0.407813 0.33125 0.0375 0.123611
15 0.0394531 0.302083 0.0789063 0.0986111
13 0.475781 0.425694 0.0921875 0.176389
24 0.841016 0.325694 0.0726563 0.143056
15 0.294922 0.263889 0.121094 0.102778
24 0.202734 0.415972 0.0492188 0.170833
24 0.388281 0.401389 0.0796875 0.15
24 0.441016 0.780556 0.161719 0.336111
15 0.319141 0.3375 0.102344 0.141667
