37 0.842578 0.175 0.116406 0.1
24 0.508594 0.188194 0.021875 0.0763889
24 0.604688 0.196528 0.021875 0.0652778
15 0.94375 0.243056 0.101562 0.111111
24 0.311328 0.435417 0.103906 0.176389
24 0.641016 0.186111 0.0164062 0.0666667
24 0.653125 0.189583 0.01875 0.0652778
15 0.844922 0.175 0.113281 0.102778
15 0.441016 0.171528 0.0476562 0.0486111
24 0.624219 0.199306 0.028125 0.0708333
24 0.464844 0.20625 0.0203125 0.0763889
23 0.339844 0.352083 0.021875 0.0180556
31 0.530469 0.565972 0.034375 0.145833
14 0.558203 0.195833 0.0898438 0.113889
24 0.982813 0.265278 0.034375 0.111111
24 0.395703 0.267361 0.0273438 0.0902778
24 0.028125 0.277778 0.053125 0.0888889
31 0.525781 0.657639 0.04375 0.170833
15 0.558203 0.197222 0.0898438 0.113889
31 0.310547 0.434028 0.100781 0.184722
24 0.260547 0.25 0.0367187 0.0888889
24 0.285156 0.367361 0.0484375 0.148611
24 0.491406 0.210417 0.028125 0.0819444
24 0.9375 0.279861 0.05625 0.120833
24 0.519531 0.231944 0.0234375 0.0861111
31 0.493359 0.620833 0.0367187 0.2
24 0.588672 0.220139 0.0242187 0.0819444
24 0.437109 0.301389 0.0335938 0.119444
24 0.872266 0.557639 0.0820312 0.2375
24 0.839063 0.225 0.05 0.0972222
15 0.341406 0.315972 0.0796875 0.140278
15 0.403906 0.241667 0.10625 0.0944444
24 0.498047 0.3625 0.0867188 0.161111
15 0.124609 0.284722 0.149219 0.1
24 0.178516 0.426389 0.103906 0.166667
24 0.478516 0.836806 0.121094 0.315278
24 0.894141 0.863194 0.211719 0.273611
