24 0.554688 0.208333 0.0203125 0.075
24 0.647656 0.209722 0.025 0.0666667
15 0.501562 0.220833 0.096875 0.113889
23 0.990625 0.45625 0.015625 0.0236111
24 0.385156 0.228472 0.021875 0.0763889
24 0.228125 0.258333 0.0359375 0.0833333
24 0.569141 0.203472 0.0179687 0.0680556
15 0.427344 0.207639 0.0609375 0.0875
24 0.596094 0.204167 0.0203125 0.0638889
24 0.583984 0.209722 0.0179687 0.0611111
24 0.40625 0.23125 0.0265625 0.0847222
31 0.573047 0.579167 0.0351562 0.172222
15 0.983594 0.249306 0.0328125 0.115278
37 0.753516 0.190278 0.124219 0.111111
24 0.621875 0.214583 0.021875 0.0791667
31 0.475781 0.425 0.0875 0.175
31 0.547266 0.615278 0.0367187 0.186111
24 0.479688 0.258333 0.0265625 0.0916667
24 0.166797 0.273611 0.0460938 0.0861111
24 0.538672 0.25 0.0257812 0.0777778
15 0.963281 0.231944 0.071875 0.0944444
24 0.898828 0.239583 0.0554687 0.101389
24 0.428516 0.327083 0.0414063 0.129167
31 0.572266 0.659722 0.0476562 0.161111
24 0.794531 0.455556 0.059375 0.183333
24 0.246875 0.338194 0.034375 0.120833
14 0.502344 0.21875 0.096875 0.115278
24 0.824609 0.326389 0.0757812 0.141667
13 0.475781 0.426389 0.09375 0.175
24 0.980859 0.41875 0.0382813 0.170833
15 0.323828 0.261111 0.114844 0.1
24 0.229297 0.409028 0.0476562 0.1625
15 0.0546875 0.300694 0.109375 0.104167
24 0.501562 0.792361 0.167187 0.340278
24 0.383594 0.398611 0.084375 0.161111
15 0.3375 0.331944 0.09375 0.141667
