24 0.332812 0.229861 0.028125 0.0652778
23 0.855859 0.942361 0.0273438 0.0375
31 0.546484 0.579861 0.0382813 0.173611
24 0.442187 0.211111 0.0234375 0.0777778
37 0.85 0.174306 0.154687 0.106944
15 0.434766 0.179861 0.0414063 0.0513889
24 0.269922 0.376389 0.0429688 0.155556
15 0.542188 0.208333 0.090625 0.111111
24 0.362891 0.426389 0.102344 0.194444
24 0.600391 0.20625 0.0304688 0.0736111
24 0.637109 0.197222 0.0179687 0.0638889
24 0.49375 0.202083 0.021875 0.0680556
32 0.930469 0.0194444 0.028125 0.0277778
12 0.542578 0.205556 0.0882813 0.111111
24 0.0167969 0.285417 0.0335938 0.0958333
14 0.542188 0.206944 0.0890625 0.113889
24 0.467969 0.21875 0.028125 0.0819444
24 0.575391 0.229167 0.0242187 0.0833333
23 0.348047 0.360417 0.0289063 0.0208333
24 0.235156 0.260417 0.0390625 0.0902778
24 0.388281 0.271528 0.0296875 0.0986111
31 0.3625 0.427083 0.1 0.193056
24 0.911328 0.225694 0.0304688 0.0875
24 0.281641 0.311806 0.0351562 0.115278
31 0.545703 0.654167 0.0523437 0.191667
24 0.508594 0.238889 0.028125 0.0916667
24 0.965234 0.280556 0.0539063 0.113889
24 0.854688 0.234028 0.0453125 0.0930556
24 0.0554687 0.899306 0.110937 0.190278
15 0.341797 0.322917 0.0804688 0.1375
15 0.959766 0.239583 0.0804688 0.118056
24 0.841016 0.523611 0.0773437 0.219444
31 0.505859 0.620139 0.0539063 0.195833
24 0.433984 0.315972 0.0367187 0.120833
24 0.600781 0.354167 0.0859375 0.158333
15 0.096875 0.291667 0.151562 0.105556
15 0.384766 0.250694 0.105469 0.0986111
24 0.242188 0.419444 0.0953125 0.161111
24 0.572656 0.870833 0.165625 0.258333
24 0.764844 0.843056 0.217187 0.313889
