37 0.979688 0.258333 0.040625 0.113889
24 0.387109 0.229861 0.0273438 0.0902778
15 0.396094 0.211806 0.040625 0.0875
24 0.546094 0.205556 0.021875 0.075
24 0.588672 0.202778 0.0226563 0.0666667
24 0.202734 0.260417 0.0367187 0.0902778
24 0.578125 0.20625 0.0171875 0.0680556
37 0.736328 0.193056 0.124219 0.111111
23 0.344141 0.372917 0.0210938 0.0180556
23 0.344531 0.364583 0.01875 0.0152778
31 0.566797 0.593056 0.0414063 0.188889
31 0.476562 0.423611 0.0859375 0.175
15 0.483984 0.222917 0.0960938 0.118056
15 0.979688 0.254861 0.040625 0.115278
24 0.56875 0.20625 0.021875 0.0680556
14 0.483984 0.222222 0.0992187 0.116667
24 0.604688 0.216667 0.0234375 0.0833333
24 0.142578 0.277083 0.0460938 0.0875
15 0.954297 0.234028 0.0867188 0.0930556
24 0.463672 0.260417 0.0289063 0.0958333
24 0.522656 0.252083 0.0265625 0.0847222
24 0.892969 0.247222 0.0578125 0.0916667
31 0.566406 0.659722 0.053125 0.175
31 0.534375 0.61875 0.0390625 0.193056
24 0.779297 0.45 0.0585938 0.180556
24 0.230078 0.341667 0.0351562 0.113889
24 0.414844 0.330556 0.040625 0.125
24 0.972266 0.413194 0.0539063 0.159722
13 0.477734 0.425694 0.0929687 0.176389
24 0.211328 0.413194 0.0476562 0.168056
15 0.0445312 0.302778 0.0890625 0.0972222
15 0.305469 0.263889 0.11875 0.102778
24 0.839063 0.325694 0.0734375 0.145833
24 0.389062 0.401389 0.08125 0.15
24 0.457812 0.784028 0.1625 0.334722
15 0.325 0.335417 0.1 0.140278
