15 0.433203 0.205556 0.0476562 0.0833333
24 0.644141 0.210417 0.0257812 0.0736111
24 0.546875 0.214583 0.0203125 0.0680556
12 0.750391 0.185417 0.117969 0.104167
24 0.401172 0.236111 0.0273438 0.0805556
24 0.380469 0.229861 0.0234375 0.0736111
24 0.221094 0.260417 0.034375 0.0791667
37 0.75 0.188889 0.120312 0.108333
31 0.477344 0.423611 0.0859375 0.172222
24 0.118359 0.271528 0.0429688 0.0791667
32 0.914453 0.0277778 0.0257812 0.025
15 0.496484 0.221528 0.0945313 0.118056
24 0.592578 0.204861 0.0179687 0.0652778
15 0.983594 0.249306 0.0328125 0.115278
24 0.562891 0.203472 0.0179687 0.0680556
24 0.61875 0.214583 0.021875 0.0791667
24 0.579687 0.208333 0.01875 0.0638889
31 0.545703 0.615972 0.0335938 0.190278
24 0.158594 0.276389 0.04375 0.0861111
31 0.573438 0.652083 0.0484375 0.173611
15 0.961719 0.233333 0.075 0.0944444
24 0.476562 0.259722 0.028125 0.0888889
24 0.898047 0.242361 0.0554687 0.0986111
14 0.496875 0.219444 0.0953125 0.113889
24 0.225 0.407639 0.0484375 0.170833
24 0.534766 0.25 0.0257812 0.0805556
24 0.243359 0.340278 0.0320312 0.116667
24 0.425781 0.328472 0.0421875 0.123611
24 0.791016 0.452778 0.0601562 0.183333
24 0.979688 0.417361 0.040625 0.1625
24 0.83125 0.325694 0.0765625 0.145833
15 0.0515625 0.300694 0.103125 0.104167
13 0.477734 0.425694 0.0929687 0.173611
24 0.386328 0.392361 0.0835937 0.170833
15 0.333594 0.333333 0.0953125 0.141667
24 0.488281 0.790972 0.164062 0.3375
15 0.319141 0.2625 0.116406 0.1
