24 0.573828 0.205556 0.0195312 0.0638889
23 0.956641 0.448611 0.0179687 0.0222222
15 0.378516 0.213889 0.0414063 0.0888889
37 0.719531 0.197222 0.121875 0.111111
24 0.0777344 0.279167 0.0414063 0.0777778
24 0.549219 0.211806 0.0171875 0.0625
31 0.474219 0.423611 0.084375 0.172222
24 0.610937 0.211111 0.025 0.0722222
24 0.559766 0.209722 0.0226563 0.0666667
24 0.99375 0.284028 0.0125 0.1125
24 0.120703 0.277778 0.0460938 0.0888889
24 0.528906 0.208333 0.0203125 0.0722222
23 0.33125 0.374306 0.0203125 0.0180556
31 0.552734 0.574306 0.0367187 0.159722
15 0.466406 0.225694 0.1 0.118056
24 0.401953 0.336111 0.0398437 0.130556
14 0.466406 0.223611 0.101562 0.113889
15 0.974609 0.255556 0.0507812 0.108333
24 0.587109 0.219444 0.0226563 0.0833333
24 0.507422 0.254861 0.0257812 0.0875
24 0.882422 0.244444 0.0539063 0.1
31 0.553516 0.660417 0.0570313 0.170833
24 0.447266 0.263889 0.0257812 0.0916667
31 0.522656 0.621528 0.040625 0.204167
15 0.936328 0.236111 0.0867188 0.0944444
24 0.215625 0.345139 0.0328125 0.118056
24 0.764844 0.445833 0.0609375 0.177778
24 0.954687 0.413889 0.05625 0.155556
24 0.84375 0.325694 0.0734375 0.143056
15 0.0339844 0.302778 0.0679687 0.0944444
13 0.473437 0.425 0.090625 0.175
24 0.195312 0.416667 0.0484375 0.172222
15 0.285937 0.263889 0.120312 0.102778
15 0.312109 0.3375 0.102344 0.141667
24 0.387891 0.401389 0.0789063 0.15
24 0.425 0.778472 0.157813 0.329167
