24 0.369141 0.427083 0.100781 0.1875
24 0.635156 0.195833 0.01875 0.0694444
12 0.54375 0.204167 0.090625 0.111111
24 0.492188 0.202778 0.021875 0.0694444
37 0.838281 0.180556 0.129688 0.102778
24 0.301953 0.243056 0.0304688 0.0777778
24 0.446875 0.209028 0.01875 0.0763889
24 0.433203 0.216667 0.0179687 0.0694444
32 0.931641 0.01875 0.0242187 0.0263889
24 0.261719 0.242361 0.0265625 0.0791667
15 0.435156 0.179167 0.04375 0.0555556
24 0.598047 0.204861 0.0304688 0.0763889
13 0.36875 0.429861 0.0953125 0.1875
24 0.387109 0.272222 0.0289063 0.1
24 0.0152344 0.286111 0.0304688 0.1
23 0.349609 0.359722 0.0304688 0.0222222
24 0.232031 0.261806 0.0390625 0.0902778
24 0.465625 0.220139 0.028125 0.0819444
24 0.573047 0.23125 0.0242187 0.0819444
24 0.280078 0.311806 0.0335938 0.115278
24 0.911719 0.225694 0.0296875 0.0875
14 0.543359 0.206944 0.0898438 0.113889
24 0.0617188 0.904167 0.121875 0.186111
24 0.507031 0.239583 0.0296875 0.0930556
24 0.969141 0.279861 0.0554687 0.120833
31 0.546484 0.649306 0.0539063 0.198611
24 0.855859 0.234722 0.0476562 0.0944444
31 0.507422 0.620833 0.0476562 0.2
24 0.248437 0.417361 0.09375 0.1625
24 0.434375 0.315972 0.0359375 0.120833
31 0.36875 0.429167 0.096875 0.188889
15 0.961328 0.241667 0.0773437 0.113889
24 0.838672 0.520833 0.0757812 0.216667
15 0.341797 0.323611 0.0804688 0.136111
24 0.751172 0.840972 0.214844 0.318056
15 0.383203 0.251389 0.105469 0.0972222
24 0.611328 0.353472 0.0851562 0.156944
15 0.0953125 0.291667 0.15 0.102778
24 0.575781 0.875694 0.148438 0.248611
