13 0.557813 0.61875 0.0703125 0.248611
24 0.616797 0.201389 0.0148437 0.0611111
24 0.589453 0.208333 0.0273438 0.0777778
24 0.174219 0.2625 0.0375 0.0888889
24 0.321094 0.236806 0.025 0.0708333
24 0.629687 0.200694 0.0171875 0.0625
24 0.426172 0.222917 0.0210938 0.0736111
37 0.833594 0.186111 0.13125 0.102778
24 0.385156 0.280556 0.025 0.0944444
24 0.484766 0.20625 0.0226563 0.0708333
13 0.390625 0.433333 0.0984375 0.180556
24 0.456641 0.225694 0.0289063 0.0819444
23 0.349219 0.365278 0.0203125 0.0194444
15 0.964844 0.243056 0.0703125 0.122222
24 0.114063 0.913889 0.11875 0.169444
24 0.620313 0.889583 0.159375 0.220833
24 0.220703 0.264583 0.0414063 0.0902778
24 0.502734 0.244444 0.0289063 0.0916667
24 0.914062 0.229861 0.028125 0.0875
31 0.519141 0.620139 0.0367187 0.198611
24 0.273438 0.31875 0.034375 0.1125
24 0.567578 0.238194 0.0242187 0.0791667
24 0.705078 0.834028 0.192969 0.331944
31 0.55625 0.621528 0.0625 0.251389
24 0.977344 0.283333 0.0453125 0.111111
14 0.534766 0.211111 0.0898438 0.113889
31 0.390625 0.432639 0.0984375 0.179167
24 0.865234 0.235417 0.0492188 0.0958333
24 0.433203 0.320833 0.0367187 0.122222
24 0.826953 0.508333 0.0710938 0.208333
24 0.276172 0.413194 0.0929687 0.168056
24 0.654297 0.350694 0.0851562 0.156944
15 0.373047 0.252778 0.103906 0.0916667
15 0.0839844 0.295833 0.155469 0.102778
15 0.342187 0.326389 0.0828125 0.138889
