24 0.14375 0.268056 0.0390625 0.0805556
24 0.627344 0.204167 0.015625 0.075
15 0.979297 0.247917 0.0414063 0.115278
15 0.559375 0.172222 0.0421875 0.05
24 0.424609 0.226389 0.0242187 0.0833333
37 0.979297 0.246528 0.0414063 0.120833
31 0.566406 0.656944 0.04375 0.133333
24 0.588281 0.200694 0.0171875 0.0625
24 0.382031 0.284722 0.0234375 0.0861111
24 0.570703 0.210417 0.0242187 0.0736111
24 0.608594 0.203472 0.021875 0.0625
24 0.403516 0.229167 0.0210938 0.075
15 0.967188 0.226389 0.0625 0.102778
31 0.451562 0.425694 0.090625 0.173611
24 0.638281 0.213194 0.0203125 0.0736111
24 0.191406 0.266667 0.05 0.0916667
24 0.987109 0.427778 0.0257812 0.186111
31 0.571875 0.566667 0.034375 0.15
24 0.491016 0.254861 0.0257812 0.0902778
13 0.45 0.426389 0.0953125 0.177778
24 0.258203 0.327778 0.0335938 0.119444
24 0.890625 0.240278 0.0546875 0.0972222
24 0.551172 0.247222 0.0242187 0.0777778
24 0.433984 0.324306 0.0367187 0.123611
31 0.536328 0.619444 0.0351562 0.186111
14 0.517187 0.215972 0.09375 0.115278
15 0.344141 0.256944 0.108594 0.0972222
15 0.344141 0.322917 0.0945313 0.131944
24 0.807813 0.474306 0.059375 0.190278
24 0.241797 0.402083 0.0460938 0.156944
24 0.769531 0.335417 0.078125 0.148611
15 0.065625 0.297222 0.13125 0.105556
24 0.567187 0.815278 0.178125 0.338889
24 0.348828 0.405556 0.0851562 0.155556
