37 0.841797 0.174306 0.117969 0.101389
24 0.35 0.219444 0.0265625 0.0666667
15 0.442578 0.173611 0.0585938 0.05
12 0.55625 0.198611 0.0890625 0.113889
24 0.905859 0.213194 0.0320312 0.109722
27 0.940625 0.0138889 0.0125 0.0222222
24 0.646875 0.190278 0.0234375 0.0666667
24 0.0203125 0.279167 0.040625 0.0833333
15 0.842969 0.175694 0.117188 0.101389
23 0.342578 0.345139 0.0304688 0.0180556
23 0.878516 0.597222 0.0226563 0.0305556
15 0.963281 0.161111 0.05625 0.0527778
15 0.948828 0.245139 0.0960938 0.106944
13 0.321875 0.433333 0.0984375 0.183333
24 0.505469 0.189583 0.0203125 0.0763889
24 0.460156 0.211111 0.021875 0.0694444
14 0.555469 0.197222 0.090625 0.116667
23 0.342578 0.352778 0.0242187 0.0194444
15 0.555859 0.198611 0.0898438 0.113889
24 0.61875 0.201389 0.028125 0.0694444
24 0.394531 0.266667 0.0265625 0.0944444
31 0.496094 0.622917 0.0390625 0.2125
31 0.533984 0.564583 0.0351562 0.145833
24 0.987891 0.263889 0.0242187 0.116667
24 0.944531 0.280556 0.05625 0.122222
24 0.255078 0.253472 0.0382813 0.0902778
24 0.486328 0.211806 0.0273438 0.0791667
24 0.517578 0.232639 0.0242187 0.0875
24 0.585938 0.222222 0.025 0.0833333
31 0.526953 0.666667 0.0492188 0.15
24 0.842188 0.228472 0.05 0.0930556
31 0.321875 0.431944 0.096875 0.188889
24 0.283594 0.370139 0.05 0.154167
24 0.436719 0.304167 0.034375 0.122222
15 0.342187 0.316667 0.078125 0.138889
15 0.399609 0.245139 0.105469 0.0958333
24 0.865234 0.549306 0.0804688 0.231944
24 0.5 0.845833 0.142188 0.305556
15 0.11875 0.286806 0.148438 0.101389
24 0.521875 0.361111 0.0859375 0.155556
24 0.192969 0.425694 0.1 0.165278
24 0.867969 0.858333 0.225 0.283333
