24 0.633203 0.198611 0.0304688 0.0666667
13 0.485156 0.61875 0.0375 0.201389
31 0.2875 0.424306 0.096875 0.226389
15 0.970703 0.159722 0.0554687 0.0527778
24 0.00585938 0.273611 0.0117188 0.105556
15 0.940625 0.235417 0.107813 0.106944
23 0.907422 0.622222 0.0289063 0.0416667
15 0.442969 0.171528 0.0484375 0.0486111
15 0.974609 0.215972 0.0507812 0.0986111
15 0.856641 0.169444 0.0929687 0.0888889
24 0.289062 0.409722 0.101562 0.238889
15 0.562891 0.195833 0.0929687 0.111111
23 0.337891 0.349306 0.0210938 0.0180556
24 0.271094 0.248611 0.0359375 0.0916667
14 0.563281 0.194444 0.0890625 0.111111
24 0.501172 0.203472 0.0273438 0.0847222
31 0.484766 0.616667 0.0367187 0.197222
24 0.524609 0.225 0.0242187 0.0916667
13 0.288672 0.410417 0.102344 0.2375
24 0.398828 0.264583 0.0257812 0.0875
24 0.0402344 0.276389 0.0539063 0.0888889
24 0.471094 0.202083 0.0234375 0.0819444
24 0.973437 0.266667 0.053125 0.113889
24 0.924219 0.280556 0.05625 0.122222
24 0.595312 0.21875 0.0234375 0.0791667
24 0.833203 0.222917 0.0476562 0.0986111
31 0.517187 0.622222 0.0546875 0.247222
24 0.891016 0.575694 0.0867188 0.248611
15 0.413281 0.239583 0.103125 0.0958333
24 0.446484 0.809028 0.111719 0.298611
15 0.342578 0.314583 0.0835937 0.1375
24 0.450391 0.344444 0.0914062 0.205556
24 0.149609 0.430556 0.107031 0.166667
15 0.136328 0.284722 0.149219 0.1
24 0.926562 0.870139 0.146875 0.259722
