23 0.206641 0.297917 0.0117188 0.0125
24 0.351953 0.2375 0.0257812 0.0722222
24 0.333203 0.247222 0.0273438 0.0833333
37 0.4875 0.190278 0.046875 0.05
24 0.866016 0.254861 0.0523437 0.0958333
24 0.374219 0.331944 0.0359375 0.102778
24 0.314453 0.25 0.0273438 0.0888889
24 0.105469 0.279167 0.0375 0.0777778
24 0.144141 0.279861 0.0351562 0.0791667
23 0.310547 0.3875 0.0195312 0.0166667
31 0.535547 0.580556 0.0335938 0.152778
24 0.530859 0.221528 0.0179687 0.0625
15 0.432031 0.239583 0.096875 0.120833
37 0.689062 0.210417 0.110937 0.1125
15 0.0160156 0.316667 0.0320312 0.0944444
24 0.579297 0.220833 0.0242187 0.075
24 0.517969 0.221528 0.0171875 0.0625
31 0.530859 0.654167 0.0445312 0.188889
24 0.418359 0.277083 0.0273438 0.0930556
24 0.557031 0.229167 0.021875 0.0805556
24 0.0816406 0.288889 0.0476562 0.0916667
15 0.25 0.275694 0.115625 0.0986111
14 0.433203 0.236111 0.0976562 0.116667
24 0.478906 0.259722 0.0265625 0.102778
24 0.499219 0.221528 0.0203125 0.0652778
24 0.985156 0.288194 0.028125 0.1125
15 0.966016 0.258333 0.0679687 0.119444
31 0.504687 0.633333 0.04375 0.2
15 0.911719 0.247222 0.0828125 0.0916667
24 0.739453 0.444444 0.0601562 0.175
24 0.188281 0.360417 0.034375 0.118056
24 0.856641 0.333333 0.0679687 0.133333
24 0.928906 0.415972 0.0515625 0.156944
24 0.164844 0.434722 0.0484375 0.177778
13 0.469922 0.434722 0.0882813 0.169444
24 0.388672 0.403472 0.0773437 0.156944
15 0.289453 0.350694 0.107031 0.143056
24 0.363672 0.776389 0.157031 0.327778
