37 0.85 0.176389 0.1375 0.108333
23 0.855469 0.571528 0.01875 0.0291667
15 0.954687 0.166667 0.0546875 0.0583333
23 0.886328 0.950694 0.0289063 0.0402778
32 0.933594 0.0166667 0.025 0.025
24 0.439844 0.210417 0.0171875 0.0791667
11 0.040625 0.832639 0.08125 0.309722
24 0.266797 0.238194 0.0273438 0.0791667
14 0.544141 0.204167 0.0867188 0.111111
15 0.544141 0.20625 0.0898438 0.1125
24 0.453125 0.209722 0.0171875 0.0777778
24 0.637891 0.194444 0.0226563 0.0638889
23 0.344922 0.354167 0.0210938 0.0166667
24 0.241797 0.261111 0.0398437 0.0833333
12 0.544922 0.204167 0.0851562 0.111111
24 0.605078 0.202778 0.0289063 0.075
24 0.498047 0.202083 0.0195312 0.0708333
24 0.390234 0.270833 0.0257812 0.0944444
24 0.511719 0.236111 0.0265625 0.0888889
24 0.474219 0.216667 0.028125 0.0805556
24 0.040625 0.865278 0.08125 0.241667
24 0.910547 0.222917 0.0320312 0.0902778
31 0.544141 0.579167 0.0382813 0.177778
24 0.0199219 0.286111 0.0398437 0.0972222
31 0.538672 0.661111 0.0507812 0.144444
24 0.286328 0.313194 0.0320312 0.120833
31 0.351172 0.425694 0.0992187 0.193056
24 0.959766 0.280556 0.0539063 0.111111
24 0.851562 0.231944 0.04375 0.0916667
24 0.578125 0.225694 0.025 0.0902778
24 0.273438 0.374306 0.0453125 0.154167
15 0.958203 0.240278 0.0835937 0.113889
31 0.499609 0.620139 0.0539063 0.193056
24 0.846484 0.529861 0.0773437 0.226389
24 0.434766 0.310417 0.0351562 0.126389
15 0.342578 0.320833 0.0804688 0.138889
15 0.3875 0.25 0.104687 0.1
24 0.578516 0.355556 0.0867188 0.158333
15 0.103125 0.2875 0.151562 0.102778
24 0.795313 0.845139 0.220313 0.309722
24 0.228516 0.422222 0.0960938 0.158333
24 0.554297 0.863889 0.166406 0.272222
