15 0.434766 0.174306 0.0414063 0.0513889
37 0.843359 0.175 0.116406 0.1
27 0.939844 0.0138889 0.0125 0.0222222
15 0.951953 0.24375 0.0898438 0.115278
15 0.976172 0.174306 0.0476562 0.0541667
24 0.447266 0.213889 0.0164062 0.0694444
24 0.0175781 0.864583 0.0351562 0.251389
24 0.328125 0.429861 0.103125 0.176389
24 0.505859 0.191667 0.0210938 0.0777778
24 0.642578 0.190972 0.0289063 0.0652778
15 0.842188 0.175694 0.117188 0.101389
24 0.0175781 0.279861 0.0351562 0.0847222
24 0.29375 0.302778 0.0328125 0.108333
14 0.554688 0.197917 0.0921875 0.115278
15 0.962109 0.1625 0.0585938 0.0555556
23 0.344531 0.345139 0.0296875 0.0180556
24 0.460547 0.208333 0.0179687 0.0722222
23 0.34375 0.351389 0.025 0.0194444
24 0.393359 0.266667 0.0289063 0.0972222
24 0.989453 0.261806 0.0210938 0.120833
24 0.615625 0.201389 0.028125 0.0694444
31 0.535937 0.565278 0.0328125 0.147222
24 0.483594 0.211111 0.0265625 0.0805556
24 0.947656 0.280556 0.0546875 0.119444
31 0.530078 0.665972 0.0476562 0.156944
24 0.516016 0.231944 0.0257812 0.0888889
15 0.553906 0.199306 0.090625 0.1125
31 0.495313 0.619444 0.0421875 0.197222
24 0.252344 0.254861 0.0375 0.0902778
24 0.584375 0.220833 0.025 0.0861111
31 0.327344 0.430556 0.096875 0.188889
24 0.844141 0.229167 0.0507812 0.0944444
24 0.436328 0.305556 0.0351562 0.122222
24 0.279687 0.370833 0.046875 0.155556
15 0.341406 0.316667 0.0796875 0.138889
24 0.860156 0.545139 0.078125 0.226389
24 0.854297 0.856944 0.224219 0.286111
15 0.397266 0.247917 0.105469 0.0986111
15 0.116797 0.286111 0.149219 0.102778
24 0.199609 0.423611 0.0992187 0.163889
24 0.510156 0.85 0.146875 0.294444
24 0.533203 0.359722 0.0867188 0.158333
