24 0.289844 0.363194 0.0546875 0.148611
31 0.529297 0.565278 0.0320312 0.141667
24 0.510156 0.190278 0.0203125 0.075
24 0.303906 0.413194 0.101562 0.231944
15 0.967969 0.159722 0.0578125 0.05
15 0.975391 0.209722 0.0492188 0.0944444
23 0.892969 0.610417 0.0265625 0.0375
15 0.441406 0.170833 0.046875 0.05
13 0.304688 0.415972 0.104687 0.220833
31 0.304688 0.420139 0.104687 0.220833
24 0.626172 0.199306 0.0289063 0.0680556
15 0.846484 0.173611 0.111719 0.1
14 0.560938 0.196528 0.0890625 0.115278
24 0.466797 0.202778 0.0226563 0.0805556
24 0.397266 0.265972 0.0273438 0.0902778
23 0.339453 0.351389 0.0226563 0.0194444
15 0.560156 0.196528 0.0890625 0.1125
24 0.494141 0.209028 0.0289063 0.0819444
24 0.263281 0.249306 0.0359375 0.0902778
24 0.980078 0.266667 0.0398437 0.111111
24 0.0289063 0.279167 0.05 0.0861111
31 0.524219 0.617361 0.0453125 0.245833
24 0.521094 0.228472 0.0234375 0.0875
24 0.934766 0.279861 0.0539063 0.120833
31 0.491797 0.615278 0.0351562 0.194444
24 0.437891 0.299306 0.0320312 0.120833
24 0.590625 0.218056 0.025 0.0833333
24 0.837891 0.223611 0.0492188 0.0972222
24 0.877734 0.561111 0.0820312 0.238889
15 0.341797 0.315972 0.0804688 0.1375
15 0.405859 0.240972 0.107031 0.0958333
24 0.469141 0.832639 0.117969 0.315278
24 0.171484 0.426389 0.105469 0.166667
15 0.127734 0.284028 0.147656 0.0986111
24 0.486719 0.363889 0.0890625 0.161111
24 0.901953 0.865278 0.196094 0.269444
