32 0.935547 0.0159722 0.0210938 0.0236111
12 0.546094 0.204167 0.0859375 0.111111
24 0.346094 0.427778 0.096875 0.180556
15 0.842578 0.178472 0.117969 0.101389
23 0.344922 0.349306 0.0210938 0.0180556
14 0.545313 0.203472 0.0859375 0.1125
37 0.843359 0.176389 0.119531 0.102778
15 0.955469 0.165278 0.05625 0.0583333
24 0.267578 0.238194 0.0257812 0.0736111
23 0.346484 0.336806 0.0257812 0.0180556
24 0.441406 0.213194 0.015625 0.0736111
24 0.242969 0.259028 0.0390625 0.0847222
24 0.608203 0.203472 0.0289063 0.0708333
24 0.498437 0.199306 0.01875 0.0652778
24 0.0242187 0.285417 0.0484375 0.0958333
24 0.512891 0.234722 0.0273438 0.0888889
13 0.345703 0.428472 0.0976562 0.190278
31 0.541406 0.575694 0.0359375 0.168056
24 0.286719 0.313889 0.034375 0.125
24 0.453906 0.211111 0.0171875 0.0722222
15 0.544922 0.204861 0.0867188 0.1125
24 0.909766 0.222917 0.0320312 0.0902778
24 0.0359375 0.871528 0.071875 0.2375
24 0.476562 0.217361 0.0296875 0.0763889
24 0.390625 0.269444 0.0265625 0.0944444
31 0.345703 0.429167 0.0992187 0.188889
24 0.85 0.229167 0.05 0.0916667
24 0.580078 0.224306 0.0257812 0.0902778
24 0.957031 0.280556 0.0546875 0.111111
24 0.274219 0.372917 0.046875 0.154167
15 0.956641 0.241667 0.0867188 0.113889
31 0.539453 0.663194 0.0539063 0.156944
31 0.499219 0.619444 0.0546875 0.197222
24 0.850781 0.532639 0.0796875 0.226389
24 0.435547 0.308333 0.0351562 0.125
15 0.342187 0.320139 0.08125 0.140278
15 0.389844 0.247917 0.103125 0.0958333
15 0.107031 0.2875 0.148438 0.102778
24 0.566797 0.357639 0.0851562 0.156944
24 0.809375 0.847917 0.221875 0.304167
24 0.221484 0.422917 0.0976562 0.1625
24 0.541797 0.859722 0.160156 0.280556
