24 0.994531 0.265972 0.0109375 0.126389
23 0.344141 0.345833 0.0242187 0.0194444
23 0.344922 0.336806 0.0320312 0.0208333
24 0.340625 0.429167 0.096875 0.177778
14 0.547656 0.202083 0.0875 0.1125
15 0.977734 0.176389 0.0445312 0.0555556
24 0.44375 0.211111 0.0171875 0.075
37 0.842969 0.176389 0.11875 0.102778
24 0.5 0.197917 0.01875 0.0652778
24 0.611719 0.201389 0.0296875 0.0722222
15 0.433984 0.175694 0.0382813 0.0513889
15 0.957422 0.163889 0.0554687 0.0555556
15 0.842188 0.177778 0.11875 0.102778
13 0.340234 0.430556 0.0976562 0.188889
24 0.0117188 0.28125 0.0234375 0.0930556
24 0.0304688 0.813889 0.0609375 0.358333
24 0.908984 0.222222 0.0320312 0.0916667
24 0.45625 0.207639 0.0203125 0.0763889
24 0.0289063 0.283333 0.05 0.0972222
24 0.289062 0.309722 0.0328125 0.116667
24 0.246094 0.25625 0.0375 0.0875
31 0.539844 0.565278 0.0328125 0.147222
15 0.955469 0.243056 0.0890625 0.116667
24 0.391406 0.268056 0.0265625 0.0944444
15 0.547656 0.202778 0.0859375 0.111111
24 0.58125 0.225 0.025 0.0833333
24 0.514453 0.234028 0.0273438 0.0875
24 0.478125 0.213889 0.028125 0.0833333
31 0.340625 0.429861 0.0984375 0.1875
31 0.495703 0.618056 0.0445312 0.191667
24 0.953516 0.280556 0.0539063 0.111111
24 0.848047 0.229861 0.0492188 0.0930556
31 0.536719 0.671528 0.053125 0.1625
24 0.275391 0.373611 0.0476562 0.155556
24 0.853125 0.536111 0.0796875 0.230556
24 0.435547 0.307639 0.0351562 0.120833
15 0.392188 0.248611 0.103125 0.0972222
15 0.341406 0.31875 0.0796875 0.140278
24 0.555078 0.357639 0.0867188 0.159722
24 0.212891 0.421528 0.0976562 0.165278
15 0.110547 0.2875 0.147656 0.102778
24 0.823047 0.850694 0.224219 0.298611
24 0.530859 0.856944 0.155469 0.286111
