24 0.435156 0.424306 0.05625 0.140278
24 0.958594 0.377778 0.034375 0.138889
24 0.296875 0.446528 0.046875 0.126389
24 0.1875 0.490972 0.0625 0.218056
15 0.308203 0.381944 0.114844 0.0916667
24 0.513281 0.436806 0.0546875 0.193056
24 0.741016 0.386806 0.0320312 0.145833
24 0.704297 0.350694 0.0273438 0.0986111
24 0.684766 0.442361 0.0820312 0.134722
24 0.717578 0.74375 0.141406 0.301389
24 0.578516 0.470833 0.0867188 0.158333
24 0.474219 0.51875 0.096875 0.176389
24 0.896094 0.381944 0.0640625 0.122222
15 0.168359 0.39375 0.0664062 0.0791667
24 0.660937 0.519444 0.096875 0.183333
24 0.538281 0.778472 0.0953125 0.254167
24 0.320703 0.509722 0.0445312 0.175
24 0.242969 0.48125 0.078125 0.198611
24 0.796484 0.443056 0.0867188 0.152778
24 0.392578 0.483333 0.0523437 0.180556
