24 0.0769531 0.482639 0.0335938 0.131944
24 0.865234 0.488194 0.0664062 0.115278
24 0.40625 0.581944 0.059375 0.169444
24 0.637891 0.49375 0.0648438 0.104167
24 0.568359 0.444444 0.0226563 0.075
24 0.904688 0.66875 0.05625 0.168056
24 0.225781 0.823611 0.0875 0.352778
24 0.86875 0.789583 0.0640625 0.2375
24 0.157031 0.468056 0.0390625 0.116667
24 0.618359 0.538889 0.0414063 0.136111
15 0.245312 0.50625 0.15 0.1375
24 0.510547 0.552778 0.0382813 0.130556
24 0.549219 0.530556 0.0359375 0.119444
24 0.364453 0.542361 0.0632813 0.120833
15 0.334766 0.448611 0.0960938 0.0833333
24 0.265234 0.561111 0.0882813 0.152778
15 0.493359 0.452778 0.0851562 0.075
