15 0.511979 0.477778 0.021875 0.0388889
15 0.404427 0.550926 0.0328125 0.037037
15 0.440885 0.552315 0.0317708 0.0453704
31 0.279948 0.722222 0.0182292 0.0962963
15 0.557552 0.651852 0.0401042 0.0351852
15 0.336979 0.7375 0.096875 0.0824074
15 0.447135 0.862037 0.123438 0.164815
15 0.491927 0.499074 0.0276042 0.0481481
15 0.416667 0.747222 0.0645833 0.0777778
15 0.563542 0.538426 0.0229167 0.037963
15 0.360156 0.599537 0.0359375 0.0509259
15 0.579427 0.510648 0.0265625 0.0435185
24 0.501562 0.688889 0.0229167 0.0814815
15 0.390104 0.944444 0.090625 0.107407
15 0.359375 0.668981 0.0479167 0.0694444
15 0.384635 0.699074 0.0661458 0.0574074
15 0.479948 0.969444 0.0994792 0.0574074
15 0.548958 0.606019 0.0354167 0.0509259
15 0.745052 0.759722 0.0651042 0.0768519
14 0.465625 0.560648 0.0364583 0.0768519
15 0.577865 0.561111 0.0307292 0.0481481
12 0.485938 0.597685 0.0427083 0.0731481
15 0.311719 0.796296 0.0619792 0.118519
14 0.442187 0.515278 0.0572917 0.106481
15 0.485156 0.597685 0.0442708 0.0712963
15 0.399219 0.829167 0.0890625 0.175
15 0.655469 0.764815 0.0609375 0.0925926
24 0.484375 0.641667 0.0177083 0.0666667
15 0.586979 0.593056 0.0322917 0.0527778
15 0.532552 0.627315 0.0432292 0.0694444
15 0.440625 0.651389 0.0520833 0.0953704
15 0.408854 0.581944 0.0520833 0.0509259
15 0.754687 0.802778 0.075 0.103704
15 0.722135 0.921759 0.0869792 0.149074
15 0.477865 0.75 0.0703125 0.0833333
14 0.529427 0.553241 0.0515625 0.113889
14 0.572135 0.784259 0.130729 0.244444
15 0.67526 0.831944 0.0734375 0.108333
15 0.613021 0.944907 0.0958333 0.106481
14 0.645833 0.656944 0.119792 0.152778
