14 0.492448 0.546296 0.0265625 0.062963
15 0.53125 0.477315 0.0177083 0.0305556
15 0.549219 0.608333 0.0338542 0.0481481
14 0.48776 0.600926 0.0380208 0.0759259
15 0.405469 0.553704 0.0348958 0.0388889
15 0.563542 0.539815 0.0239583 0.0425926
12 0.442187 0.867593 0.132292 0.17037
15 0.341146 0.74213 0.0895833 0.0768519
31 0.280729 0.725 0.01875 0.0981481
15 0.44375 0.865278 0.127083 0.167593
15 0.442448 0.554167 0.0369792 0.0472222
15 0.2625 0.889815 0.0895833 0.162963
14 0.465365 0.566667 0.0380208 0.0759259
15 0.363542 0.599537 0.04375 0.0509259
15 0.416146 0.749537 0.065625 0.0787037
15 0.557813 0.656482 0.0395833 0.0351852
15 0.511458 0.481019 0.0229167 0.0398148
12 0.439844 0.656482 0.0505208 0.0925926
15 0.484635 0.600463 0.0432292 0.0731481
15 0.439063 0.655556 0.0510417 0.0944444
12 0.484635 0.600463 0.0421875 0.0731481
24 0.501302 0.69213 0.0223958 0.0787037
15 0.384375 0.702778 0.06875 0.0574074
14 0.441667 0.510185 0.0552083 0.0907407
15 0.578385 0.564815 0.0307292 0.05
15 0.747135 0.762037 0.0651042 0.0740741
15 0.359375 0.671759 0.0479167 0.0675926
15 0.656771 0.767593 0.0552083 0.0851852
15 0.492708 0.502778 0.0270833 0.05
15 0.579948 0.512037 0.0276042 0.0444444
15 0.530469 0.630093 0.0390625 0.0675926
15 0.398698 0.831944 0.0880208 0.165741
15 0.480208 0.970833 0.0979167 0.0546296
15 0.5875 0.597222 0.0322917 0.0537037
15 0.408594 0.583796 0.0526042 0.0527778
24 0.485156 0.647685 0.0182292 0.0657407
15 0.390104 0.946296 0.0916667 0.103704
15 0.311198 0.796759 0.0630208 0.123148
15 0.75651 0.806481 0.0755208 0.1
15 0.478385 0.75463 0.0692708 0.0888889
15 0.723437 0.926852 0.0875 0.142593
15 0.676302 0.835648 0.0734375 0.110185
14 0.530208 0.556944 0.0510417 0.112037
14 0.573698 0.788426 0.133854 0.243519
14 0.647917 0.661111 0.120833 0.157407
15 0.613281 0.948611 0.0953125 0.0990741
