15 0.572656 0.530556 0.0296875 0.0425926
23 0.615625 0.943981 0.0229167 0.0157407
15 0.361719 0.6375 0.0473958 0.0694444
15 0.459115 0.840278 0.132812 0.182407
15 0.419531 0.722685 0.0609375 0.0768519
15 0.381771 0.668519 0.065625 0.0574074
15 0.401302 0.79537 0.0911458 0.183333
24 0.503125 0.643056 0.0239583 0.0805556
15 0.375 0.563889 0.0375 0.0555556
15 0.394271 0.930556 0.0916667 0.135185
15 0.584375 0.554167 0.034375 0.0527778
15 0.552083 0.57963 0.0354167 0.0592593
24 0.484115 0.601389 0.0182292 0.0657407
14 0.465885 0.531944 0.0390625 0.0731481
12 0.45625 0.839815 0.132292 0.175926
15 0.413802 0.555093 0.0536458 0.0527778
15 0.535937 0.595833 0.0447917 0.0694444
14 0.443229 0.479167 0.05625 0.0953704
15 0.747917 0.750926 0.071875 0.114815
15 0.616667 0.922685 0.090625 0.147222
15 0.490104 0.563426 0.040625 0.0638889
14 0.527344 0.522222 0.0526042 0.111111
15 0.480208 0.952315 0.101042 0.0916667
15 0.715885 0.876389 0.0848958 0.149074
15 0.478646 0.717593 0.0708333 0.087037
14 0.567187 0.743056 0.121875 0.234259
15 0.650781 0.728704 0.0567708 0.0888889
15 0.44375 0.614815 0.0520833 0.0888889
14 0.636719 0.618519 0.104687 0.142593
15 0.671615 0.793056 0.0703125 0.106481
