15 0.404427 0.553704 0.0338542 0.0388889
15 0.53151 0.477315 0.0182292 0.0305556
14 0.492448 0.546759 0.0276042 0.0638889
12 0.470573 0.572222 0.0380208 0.0722222
15 0.2625 0.888889 0.0895833 0.164815
15 0.55026 0.610648 0.0338542 0.0546296
12 0.441406 0.866204 0.133854 0.167593
15 0.415885 0.751389 0.0671875 0.0805556
14 0.48776 0.600926 0.0380208 0.0777778
15 0.364062 0.599537 0.0458333 0.0509259
15 0.578906 0.565741 0.0328125 0.05
15 0.442969 0.863889 0.128646 0.166667
31 0.280469 0.724074 0.0182292 0.0962963
15 0.340104 0.740741 0.0864583 0.0814815
15 0.441927 0.555093 0.0380208 0.0472222
14 0.465365 0.56713 0.0380208 0.075
12 0.439583 0.656482 0.0510417 0.0925926
15 0.556771 0.658333 0.0427083 0.0351852
24 0.501042 0.691667 0.0229167 0.0777778
15 0.511458 0.481481 0.0229167 0.0407407
14 0.441406 0.511111 0.0557292 0.0925926
15 0.359375 0.671759 0.0479167 0.0675926
15 0.4 0.831481 0.090625 0.17037
15 0.384896 0.704167 0.06875 0.0583333
15 0.747396 0.762963 0.065625 0.0740741
15 0.65651 0.768519 0.0578125 0.0888889
12 0.484115 0.600463 0.0421875 0.0731481
15 0.579687 0.5125 0.028125 0.0453704
15 0.480208 0.970833 0.0979167 0.0546296
15 0.492188 0.502315 0.0270833 0.0490741
15 0.439583 0.656018 0.0520833 0.0953704
15 0.530469 0.629167 0.0390625 0.0675926
15 0.5875 0.597685 0.0322917 0.0527778
15 0.390104 0.946296 0.0916667 0.103704
24 0.485417 0.647685 0.01875 0.0675926
15 0.409115 0.584259 0.0536458 0.0518519
15 0.311198 0.796759 0.0630208 0.125
15 0.478906 0.754167 0.0692708 0.0898148
15 0.723958 0.926852 0.0885417 0.142593
15 0.756771 0.807407 0.0760417 0.1
15 0.676302 0.836111 0.0734375 0.109259
14 0.530208 0.556481 0.0520833 0.109259
14 0.573958 0.789352 0.134375 0.241667
15 0.613281 0.949074 0.0963542 0.0981481
14 0.648438 0.662037 0.120833 0.157407
