24 0.486198 0.583796 0.0171875 0.0694444
15 0.377604 0.555093 0.0364583 0.0564815
12 0.465625 0.522222 0.0375 0.0740741
24 0.502083 0.625 0.021875 0.0740741
15 0.494792 0.469907 0.025 0.0601852
15 0.47474 0.702778 0.0682292 0.0814815
15 0.480729 0.947222 0.104167 0.103704
15 0.617969 0.909722 0.0901042 0.149074
14 0.465885 0.523148 0.0401042 0.0722222
15 0.573958 0.511574 0.0302083 0.0453704
15 0.492708 0.553241 0.040625 0.0657407
15 0.583854 0.540741 0.034375 0.0518519
15 0.746094 0.740741 0.0682292 0.107407
15 0.554167 0.5625 0.0333333 0.0509259
15 0.714583 0.85787 0.0854167 0.149074
15 0.535677 0.583333 0.0432292 0.0685185
15 0.417448 0.54537 0.0526042 0.0518519
15 0.444792 0.602315 0.05 0.087963
14 0.44375 0.472685 0.0572917 0.0972222
14 0.638802 0.614352 0.105729 0.15463
15 0.670573 0.780556 0.0692708 0.101852
15 0.650521 0.7125 0.059375 0.0861111
14 0.528385 0.510648 0.0526042 0.0990741
14 0.566406 0.725463 0.120312 0.239815
