15 0.572917 0.510648 0.0291667 0.0453704
15 0.495052 0.468519 0.0244792 0.062963
12 0.463542 0.519907 0.0364583 0.075
24 0.486198 0.583333 0.0171875 0.0685185
14 0.463802 0.520833 0.0380208 0.0731481
24 0.502344 0.623611 0.0223958 0.075
15 0.745833 0.742593 0.0677083 0.0962963
15 0.61849 0.90787 0.0901042 0.149074
15 0.492969 0.551852 0.0401042 0.0666667
15 0.583594 0.537963 0.0338542 0.0518519
15 0.444792 0.600926 0.05 0.087037
15 0.714323 0.856481 0.0859375 0.148148
15 0.417448 0.544444 0.0515625 0.0518519
15 0.554427 0.562037 0.0328125 0.0518519
15 0.535417 0.582407 0.04375 0.0685185
14 0.445052 0.469907 0.0578125 0.0953704
14 0.638281 0.613889 0.104687 0.159259
14 0.528125 0.509259 0.053125 0.103704
15 0.670573 0.778704 0.0692708 0.101852
15 0.64974 0.711111 0.0598958 0.0851852
14 0.566146 0.725 0.119792 0.237037
