15 0.33724 0.739815 0.0994792 0.0833333
31 0.279948 0.724074 0.0182292 0.0981481
14 0.486198 0.6 0.0411458 0.0685185
15 0.415365 0.749537 0.0671875 0.0805556
15 0.511458 0.479167 0.0229167 0.0398148
15 0.563802 0.538889 0.0234375 0.0388889
12 0.44375 0.865278 0.130208 0.165741
15 0.440365 0.553241 0.0317708 0.0453704
15 0.557292 0.654167 0.0416667 0.0342593
15 0.548958 0.607407 0.0354167 0.0518519
15 0.364583 0.597685 0.046875 0.0527778
24 0.501302 0.686574 0.0223958 0.075
15 0.359635 0.672222 0.0484375 0.0648148
15 0.445573 0.862963 0.124479 0.164815
12 0.485417 0.599074 0.0416667 0.0722222
15 0.746354 0.761111 0.065625 0.0759259
15 0.491927 0.502778 0.0276042 0.05
15 0.439583 0.653704 0.0510417 0.0944444
15 0.579687 0.509722 0.0270833 0.0435185
15 0.577865 0.563426 0.0296875 0.0490741
12 0.440104 0.65463 0.0520833 0.0944444
15 0.399479 0.830093 0.0895833 0.169444
15 0.384375 0.700926 0.0666667 0.0574074
14 0.466146 0.562037 0.0375 0.0796296
15 0.390104 0.945833 0.0916667 0.10463
14 0.442187 0.515278 0.0572917 0.102778
15 0.311719 0.796759 0.0619792 0.121296
15 0.479948 0.97037 0.0984375 0.0555556
15 0.485156 0.599074 0.0442708 0.0703704
15 0.586979 0.594907 0.0322917 0.0546296
15 0.532031 0.628704 0.0421875 0.0666667
15 0.408594 0.583333 0.0526042 0.0518519
24 0.484375 0.643981 0.0177083 0.0657407
15 0.65625 0.766204 0.0552083 0.0898148
15 0.755469 0.80463 0.0755208 0.101852
15 0.478125 0.751389 0.0697917 0.0842593
15 0.722396 0.924537 0.0875 0.147222
14 0.572917 0.786574 0.134375 0.24537
15 0.67526 0.833796 0.0734375 0.108333
14 0.529167 0.555556 0.0520833 0.114815
15 0.613021 0.946296 0.0958333 0.103704
14 0.646354 0.659722 0.121875 0.156481
