15 0.597526 0.283796 0.0596354 0.0694444
24 0.16849 0.385648 0.0588542 0.0796296
24 0.342448 0.368287 0.0333333 0.0791667
24 0.444271 0.365046 0.03125 0.0847222
24 0.923047 0.433796 0.0945313 0.158333
24 0.618099 0.318287 0.0174479 0.0782407
24 0.640495 0.313194 0.0205729 0.0791667
15 0.673828 0.286574 0.0570313 0.075
24 0.148568 0.520139 0.0736979 0.128241
15 0.29362 0.443056 0.134115 0.136111
15 0.267839 0.394444 0.109635 0.087963
24 0.600911 0.337037 0.0236979 0.0842593
24 0.303255 0.849769 0.134115 0.300463
24 0.533984 0.464815 0.0768229 0.140741
24 0.69388 0.850926 0.123698 0.298148
15 0.555208 0.331713 0.0755208 0.0893519
24 0.767708 0.425694 0.0734375 0.1375
15 0.423177 0.35162 0.0734375 0.0773148
24 0.614844 0.475 0.0890625 0.163889
24 0.683464 0.418056 0.0721354 0.142593
24 0.49987 0.780787 0.0867188 0.316204
24 0.371875 0.472685 0.08125 0.137963
24 0.56849 0.694907 0.0692708 0.267593
