15 0.37474 0.586574 0.0338542 0.0601852
37 0.441406 0.508333 0.0578125 0.0962963
15 0.416146 0.746759 0.065625 0.0787037
15 0.404687 0.550926 0.0322917 0.037037
15 0.485417 0.595833 0.0447917 0.0731481
15 0.359896 0.597685 0.0364583 0.0527778
14 0.465625 0.560648 0.0364583 0.0768519
15 0.491667 0.497222 0.0270833 0.0462963
15 0.443229 0.551852 0.034375 0.0481481
15 0.447656 0.862963 0.123438 0.166667
15 0.578646 0.508796 0.0270833 0.0416667
12 0.440104 0.651389 0.0510417 0.0916667
24 0.501562 0.688889 0.0229167 0.0833333
15 0.480208 0.968982 0.0989583 0.0583333
15 0.744792 0.759722 0.0645833 0.0768519
15 0.563542 0.537963 0.021875 0.037037
15 0.390365 0.943981 0.0911458 0.108333
15 0.359896 0.664352 0.0489583 0.075
15 0.383854 0.7 0.06875 0.0611111
14 0.441667 0.509722 0.0572917 0.0972222
15 0.335938 0.736574 0.09375 0.0805556
15 0.54974 0.606481 0.0348958 0.0537037
15 0.439583 0.650463 0.0510417 0.0935185
15 0.311719 0.796759 0.0630208 0.117593
15 0.65599 0.763889 0.0598958 0.0925926
15 0.577604 0.560185 0.0302083 0.0481481
15 0.58724 0.59213 0.0328125 0.0527778
24 0.483854 0.641204 0.0177083 0.0694444
15 0.39974 0.827778 0.0890625 0.174074
15 0.532292 0.627315 0.0427083 0.0675926
12 0.486198 0.596759 0.0432292 0.075
15 0.408854 0.581944 0.0520833 0.0509259
15 0.722135 0.921296 0.0869792 0.148148
15 0.753646 0.8 0.075 0.105556
15 0.477865 0.749537 0.0703125 0.0842593
14 0.529427 0.552778 0.0505208 0.114815
15 0.675 0.831019 0.0739583 0.10463
15 0.613281 0.944907 0.0953125 0.108333
14 0.572135 0.781944 0.130729 0.24537
14 0.645573 0.659259 0.121354 0.159259
