15 0.532812 0.477315 0.01875 0.0305556
15 0.580729 0.575926 0.03125 0.0444444
15 0.402865 0.552315 0.0307292 0.0342593
15 0.2625 0.891667 0.0895833 0.157407
14 0.492188 0.549537 0.028125 0.0638889
15 0.542969 0.649074 0.0453125 0.0592593
15 0.434375 0.55463 0.0375 0.0425926
15 0.41224 0.752778 0.0723958 0.0814815
15 0.750521 0.766667 0.065625 0.0759259
15 0.663542 0.769444 0.0489583 0.0759259
14 0.44375 0.863426 0.127083 0.163889
14 0.465365 0.56713 0.0390625 0.0805556
15 0.361719 0.599537 0.0411458 0.0509259
15 0.559375 0.663889 0.0416667 0.0388889
15 0.590365 0.600463 0.0317708 0.0527778
15 0.444792 0.8625 0.125 0.163889
15 0.581771 0.514352 0.0291667 0.0453704
15 0.400781 0.825463 0.0911458 0.178704
15 0.511719 0.481944 0.0244792 0.0416667
15 0.565625 0.54537 0.0260417 0.0444444
24 0.492188 0.655556 0.0208333 0.0759259
15 0.491927 0.501389 0.0286458 0.0472222
15 0.333073 0.742593 0.0953125 0.0833333
15 0.550781 0.613426 0.0317708 0.0546296
15 0.528125 0.631019 0.0354167 0.0657407
15 0.359375 0.674537 0.0479167 0.0638889
15 0.480729 0.970833 0.0989583 0.0546296
14 0.441146 0.516204 0.0583333 0.106481
15 0.392969 0.707407 0.0703125 0.062963
15 0.408333 0.582407 0.0541667 0.05
15 0.482812 0.756944 0.0666667 0.0916667
15 0.482552 0.602778 0.0421875 0.0703704
15 0.389844 0.946759 0.0911458 0.102778
15 0.310417 0.796759 0.065625 0.121296
15 0.438542 0.658333 0.053125 0.0981481
14 0.530469 0.556019 0.0546875 0.106481
15 0.760156 0.814815 0.0776042 0.107407
15 0.679688 0.841204 0.071875 0.110185
15 0.728125 0.931944 0.090625 0.134259
15 0.615885 0.952778 0.0963542 0.0888889
14 0.578125 0.797222 0.134375 0.246296
14 0.652865 0.668981 0.119271 0.171296
