14 0.492188 0.549074 0.028125 0.062963
15 0.542969 0.649537 0.0463542 0.0583333
15 0.402865 0.551852 0.0307292 0.0333333
15 0.411458 0.753704 0.0739583 0.0833333
15 0.2625 0.89213 0.0895833 0.156481
14 0.443229 0.864352 0.128125 0.163889
15 0.580469 0.575463 0.0307292 0.0453704
15 0.750521 0.766667 0.065625 0.0759259
15 0.663281 0.769444 0.0484375 0.0759259
15 0.434375 0.555556 0.0364583 0.0425926
15 0.558854 0.663889 0.0416667 0.0388889
15 0.361719 0.6 0.0401042 0.05
14 0.465625 0.56713 0.0395833 0.0805556
15 0.590365 0.600463 0.0317708 0.0527778
15 0.511458 0.481944 0.0239583 0.0416667
15 0.581771 0.514815 0.0291667 0.0444444
15 0.491667 0.502315 0.028125 0.0490741
15 0.565885 0.545833 0.0255208 0.0435185
15 0.444531 0.8625 0.125521 0.163889
15 0.400781 0.825463 0.0911458 0.178704
15 0.335677 0.741667 0.0921875 0.0814815
24 0.491406 0.654167 0.0203125 0.0731481
14 0.440885 0.513889 0.0578125 0.101852
15 0.392969 0.706481 0.0703125 0.0611111
15 0.359375 0.674537 0.0479167 0.062037
15 0.480729 0.970833 0.0989583 0.0546296
15 0.528125 0.631019 0.0354167 0.0657407
15 0.550781 0.613889 0.0317708 0.0555556
15 0.408333 0.58287 0.0541667 0.0509259
15 0.482552 0.602778 0.0421875 0.0703704
15 0.482292 0.75787 0.065625 0.0898148
15 0.310417 0.797222 0.065625 0.122222
15 0.390104 0.946296 0.0916667 0.103704
15 0.438542 0.658796 0.053125 0.0972222
14 0.530469 0.556481 0.0546875 0.107407
15 0.759896 0.814352 0.0770833 0.106481
15 0.679427 0.841204 0.0723958 0.110185
15 0.727865 0.931944 0.0911458 0.134259
15 0.615365 0.951852 0.0963542 0.0907407
14 0.577865 0.796759 0.135937 0.24537
14 0.652604 0.669444 0.119792 0.172222
