23 0.583594 0.870833 0.0182292 0.0212963
15 0.510938 0.473611 0.0239583 0.0435185
12 0.445573 0.863426 0.127604 0.165741
15 0.557813 0.65 0.0395833 0.037037
14 0.492969 0.539815 0.0265625 0.0648148
15 0.403906 0.549074 0.0307292 0.0351852
15 0.491667 0.49537 0.0270833 0.0425926
15 0.441146 0.551389 0.0291667 0.0453704
15 0.579167 0.507407 0.025 0.0425926
15 0.37474 0.585185 0.0348958 0.0592593
15 0.447135 0.861574 0.122396 0.165741
15 0.479948 0.967593 0.0984375 0.0592593
15 0.390365 0.943519 0.0911458 0.109259
15 0.3625 0.594444 0.0427083 0.0537037
15 0.74401 0.756944 0.0640625 0.075
24 0.501562 0.689352 0.0229167 0.087963
12 0.486198 0.595833 0.0432292 0.0712963
15 0.334896 0.735648 0.0927083 0.0805556
15 0.416927 0.745833 0.0640625 0.0768519
15 0.563802 0.534722 0.0223958 0.0361111
15 0.383333 0.696759 0.06875 0.062037
14 0.466146 0.558796 0.0364583 0.0768519
15 0.359896 0.659722 0.0489583 0.0824074
14 0.442448 0.506944 0.0578125 0.0935185
15 0.311719 0.794444 0.0630208 0.118519
15 0.532292 0.625 0.0416667 0.0666667
15 0.396875 0.827778 0.0833333 0.168519
15 0.65625 0.758796 0.0583333 0.0861111
15 0.485677 0.594907 0.0442708 0.0694444
15 0.586719 0.590741 0.0328125 0.0537037
15 0.55 0.60463 0.0333333 0.0537037
15 0.577083 0.558333 0.0302083 0.0481481
24 0.483333 0.637037 0.0177083 0.0685185
15 0.440625 0.649074 0.0520833 0.0925926
15 0.721615 0.919444 0.0869792 0.15
15 0.410156 0.580556 0.0505208 0.0481481
15 0.477865 0.748148 0.0703125 0.0851852
15 0.613281 0.942593 0.0953125 0.112963
15 0.753385 0.797685 0.0744792 0.10463
14 0.529948 0.550463 0.0494792 0.112037
14 0.572135 0.77963 0.130729 0.244444
15 0.675 0.829167 0.0729167 0.10463
14 0.645052 0.656944 0.119271 0.15463
