14 0.491927 0.543519 0.0265625 0.0611111
15 0.53125 0.477315 0.0177083 0.0305556
15 0.405208 0.553704 0.034375 0.0388889
31 0.280469 0.724537 0.0182292 0.0990741
12 0.441927 0.865741 0.133854 0.168519
15 0.563802 0.538889 0.0234375 0.0407407
15 0.44349 0.864352 0.127604 0.167593
15 0.440625 0.553704 0.0333333 0.0444444
15 0.336458 0.740741 0.0979167 0.0814815
15 0.548958 0.608796 0.0354167 0.0490741
15 0.557813 0.655093 0.040625 0.0342593
14 0.486719 0.600926 0.0401042 0.0722222
24 0.501042 0.689352 0.0229167 0.0768519
15 0.364583 0.599074 0.0458333 0.0518519
15 0.511458 0.480556 0.021875 0.0388889
15 0.746875 0.762037 0.065625 0.0740741
15 0.439323 0.65463 0.0515625 0.0944444
15 0.359375 0.673148 0.0479167 0.0648148
15 0.484635 0.6 0.0432292 0.0740741
15 0.416406 0.748611 0.0651042 0.0787037
15 0.578385 0.563889 0.0307292 0.05
12 0.440104 0.656018 0.0520833 0.0935185
12 0.484375 0.6 0.0427083 0.0740741
15 0.492448 0.503241 0.0276042 0.0527778
15 0.65625 0.76713 0.05625 0.0861111
14 0.466146 0.564815 0.0375 0.0796296
15 0.384115 0.702315 0.0671875 0.0583333
15 0.579687 0.511111 0.0270833 0.0444444
15 0.480208 0.97037 0.0979167 0.0555556
14 0.441146 0.516204 0.0572917 0.102778
15 0.397917 0.831944 0.0864583 0.165741
15 0.390104 0.945833 0.0916667 0.10463
15 0.53099 0.62963 0.0401042 0.0666667
15 0.311198 0.797685 0.0630208 0.121296
15 0.408333 0.583333 0.0520833 0.0518519
15 0.58724 0.596759 0.0328125 0.0546296
24 0.485156 0.646759 0.0182292 0.0657407
15 0.75599 0.806019 0.0755208 0.100926
15 0.723437 0.925926 0.0875 0.144444
15 0.477865 0.752778 0.0703125 0.087037
14 0.572917 0.7875 0.133333 0.243519
15 0.676302 0.835185 0.0734375 0.109259
14 0.529948 0.556481 0.0515625 0.112963
15 0.613281 0.948611 0.0963542 0.0990741
14 0.647396 0.662037 0.121875 0.161111
