15 0.404167 0.553241 0.0322917 0.037963
12 0.479167 0.575463 0.0447917 0.0731481
14 0.492969 0.549074 0.0276042 0.0648148
15 0.414062 0.75463 0.0708333 0.0851852
15 0.545052 0.646296 0.0515625 0.0555556
15 0.484375 0.601852 0.0427083 0.0722222
15 0.2625 0.889815 0.0895833 0.162963
14 0.488542 0.600463 0.0385417 0.0824074
15 0.438542 0.555556 0.034375 0.0444444
12 0.442969 0.866667 0.130729 0.168519
15 0.339323 0.740278 0.0901042 0.0805556
15 0.363542 0.600463 0.0447917 0.0509259
15 0.564323 0.541204 0.0255208 0.0435185
15 0.576042 0.57037 0.025 0.0444444
24 0.501042 0.692593 0.0229167 0.0777778
14 0.465885 0.567593 0.0401042 0.0777778
15 0.400781 0.828704 0.0921875 0.175926
15 0.444531 0.864352 0.125521 0.165741
15 0.556771 0.658796 0.0416667 0.0361111
15 0.511198 0.481481 0.0234375 0.0407407
15 0.748177 0.763889 0.0661458 0.0740741
12 0.484375 0.601852 0.0427083 0.0722222
15 0.385938 0.703241 0.0677083 0.0564815
15 0.359375 0.669907 0.0479167 0.0712963
15 0.659115 0.768519 0.0526042 0.0814815
14 0.441146 0.516204 0.05625 0.102778
15 0.579948 0.5125 0.0286458 0.0453704
15 0.491927 0.502315 0.0276042 0.0490741
15 0.479948 0.970833 0.0973958 0.0546296
15 0.550781 0.612037 0.0317708 0.0537037
24 0.486719 0.649074 0.0182292 0.0666667
15 0.390104 0.946296 0.0916667 0.103704
15 0.588021 0.597685 0.03125 0.0509259
15 0.408594 0.584259 0.0536458 0.0518519
15 0.528646 0.630093 0.0364583 0.0657407
15 0.439583 0.656482 0.0520833 0.0944444
15 0.311198 0.796759 0.0630208 0.125
15 0.478906 0.755556 0.0692708 0.0888889
15 0.757292 0.808796 0.0760417 0.102778
15 0.72474 0.928241 0.0880208 0.139815
14 0.530469 0.556481 0.0515625 0.107407
15 0.676823 0.8375 0.0734375 0.110185
14 0.57526 0.790278 0.136979 0.243519
14 0.65026 0.662037 0.118229 0.155556
15 0.613542 0.95 0.096875 0.0962963
