24 0.548698 0.348611 0.0395833 0.105556
15 0.630729 0.462269 0.202604 0.165278
24 0.169271 0.514815 0.0635417 0.155556
24 0.561849 0.496528 0.0861979 0.151389
24 0.472396 0.894907 0.144792 0.203704
24 0.302214 0.475 0.0429688 0.159259
15 0.468359 0.381481 0.113802 0.122222
15 0.21888 0.400231 0.123177 0.101389
24 0.49388 0.411111 0.0408854 0.10463
24 0.355339 0.466667 0.0695312 0.126852
24 0.26237 0.670833 0.12526 0.203704
15 0.61901 0.387037 0.103646 0.0981481
24 0.870573 0.450463 0.0770833 0.140741
15 0.832812 0.320602 0.0994792 0.0902778
24 0.787891 0.484028 0.0914062 0.152315
15 0.751302 0.351157 0.0786458 0.0884259
