15 0.513542 0.459259 0.0208333 0.0351852
15 0.361458 0.578241 0.0364583 0.0509259
23 0.576823 0.841204 0.0171875 0.0175926
12 0.443229 0.4875 0.0552083 0.0935185
15 0.56224 0.510648 0.0255208 0.037963
15 0.455469 0.844444 0.130729 0.175926
12 0.454427 0.843982 0.129688 0.171296
14 0.455469 0.844444 0.128646 0.172222
14 0.467187 0.538426 0.0395833 0.0768519
15 0.314323 0.779167 0.0619792 0.117593
15 0.804427 0.843982 0.0901042 0.115741
15 0.492708 0.488889 0.0260417 0.0666667
15 0.392448 0.933796 0.0921875 0.130556
15 0.383073 0.678704 0.0640625 0.0666667
24 0.502344 0.655093 0.0234375 0.0805556
15 0.360417 0.6375 0.0458333 0.0805556
15 0.551562 0.581019 0.034375 0.0490741
14 0.44375 0.487963 0.0552083 0.0944444
15 0.404167 0.791204 0.0927083 0.197222
15 0.584115 0.564352 0.0348958 0.0527778
15 0.535677 0.60463 0.0463542 0.0666667
15 0.479167 0.956481 0.101042 0.0814815
24 0.484115 0.609722 0.0171875 0.0657407
14 0.526563 0.528241 0.0541667 0.112037
15 0.575781 0.532407 0.0307292 0.0444444
15 0.75026 0.761574 0.0776042 0.119444
15 0.413021 0.562037 0.0541667 0.0518519
15 0.488542 0.573148 0.04375 0.0685185
15 0.477604 0.724537 0.0708333 0.0842593
15 0.615365 0.930556 0.0932292 0.135185
15 0.442448 0.623611 0.0515625 0.0898148
15 0.672656 0.801852 0.0703125 0.101852
15 0.651823 0.736111 0.0588542 0.0907407
15 0.716667 0.887963 0.0854167 0.144444
14 0.63776 0.628704 0.114063 0.146296
14 0.56849 0.75 0.123438 0.237037
