15 0.445573 0.544444 0.0234375 0.0425926
23 0.615885 0.96713 0.0213542 0.0157407
23 0.579167 0.853241 0.0166667 0.0138889
15 0.561719 0.522685 0.0244792 0.0361111
14 0.466406 0.548611 0.0390625 0.075
15 0.808333 0.85787 0.0916667 0.119444
15 0.745573 0.741667 0.0671875 0.0740741
15 0.511719 0.464352 0.0234375 0.0361111
15 0.530208 0.45787 0.0177083 0.0324074
24 0.502604 0.666667 0.0229167 0.0814815
15 0.448438 0.849537 0.1375 0.175
15 0.379167 0.683796 0.0729167 0.0638889
15 0.551302 0.592593 0.0348958 0.0518519
15 0.339844 0.721759 0.0973958 0.0768519
12 0.450781 0.85 0.129688 0.17037
15 0.360156 0.644907 0.0473958 0.0731481
15 0.402344 0.807407 0.0901042 0.187037
15 0.391927 0.938426 0.0901042 0.121296
15 0.491667 0.49213 0.0270833 0.062037
15 0.479427 0.960648 0.103646 0.0731481
15 0.575781 0.540741 0.0296875 0.0444444
15 0.578906 0.495833 0.0255208 0.0416667
15 0.373958 0.578704 0.040625 0.0555556
24 0.483333 0.62037 0.0166667 0.0666667
15 0.539583 0.613426 0.0541667 0.0657407
14 0.442448 0.496296 0.0567708 0.105556
15 0.585417 0.573611 0.0333333 0.0509259
15 0.313802 0.781018 0.0609375 0.121296
15 0.4875 0.582407 0.0416667 0.0666667
15 0.410937 0.568056 0.0520833 0.0546296
14 0.6375 0.635185 0.116667 0.146296
14 0.527604 0.540278 0.053125 0.117593
15 0.751823 0.77963 0.0776042 0.105556
15 0.652604 0.745833 0.0583333 0.0916667
15 0.614844 0.935185 0.0932292 0.127778
15 0.477865 0.737037 0.0703125 0.0944444
15 0.441927 0.632407 0.0526042 0.0907407
15 0.672656 0.811111 0.0713542 0.103704
15 0.717969 0.899074 0.0869792 0.148148
14 0.569531 0.763889 0.125521 0.235185
