24 0.49974 0.687037 0.0223958 0.0648148
15 0.542708 0.648148 0.0520833 0.0574074
15 0.532031 0.477778 0.0182292 0.0314815
15 0.403646 0.552778 0.03125 0.0351852
15 0.557292 0.661111 0.0427083 0.037037
23 0.589844 0.889815 0.0192708 0.0166667
14 0.444271 0.866667 0.127083 0.164815
12 0.44401 0.866667 0.128646 0.166667
15 0.83125 0.908796 0.096875 0.126852
15 0.661198 0.769444 0.0515625 0.0814815
14 0.492448 0.546296 0.0286458 0.062963
15 0.364062 0.6 0.0458333 0.05
15 0.435417 0.555556 0.034375 0.0425926
15 0.338281 0.74213 0.0859375 0.0805556
15 0.74974 0.765278 0.0661458 0.075
15 0.491406 0.498148 0.0276042 0.0425926
15 0.564583 0.543056 0.025 0.0435185
15 0.26276 0.889815 0.0890625 0.162963
15 0.401302 0.824537 0.0921875 0.184259
15 0.445573 0.864815 0.124479 0.164815
15 0.510938 0.482407 0.0239583 0.0425926
15 0.579427 0.571296 0.0296875 0.0481481
14 0.465625 0.568519 0.0385417 0.0777778
15 0.358854 0.671759 0.0489583 0.0657407
15 0.589063 0.599537 0.03125 0.0509259
24 0.489062 0.651852 0.01875 0.0703704
15 0.392188 0.70463 0.0677083 0.0592593
15 0.58125 0.513889 0.0302083 0.0444444
14 0.440625 0.516667 0.05625 0.107407
15 0.480208 0.971296 0.0979167 0.0537037
15 0.408333 0.583333 0.0541667 0.0518519
15 0.550781 0.613889 0.0328125 0.0555556
15 0.529167 0.631944 0.0375 0.0657407
15 0.484375 0.601852 0.0427083 0.0722222
15 0.480208 0.756944 0.0666667 0.0916667
15 0.311458 0.796759 0.0625 0.123148
15 0.438802 0.658333 0.0526042 0.0981481
15 0.389844 0.946759 0.0921875 0.102778
14 0.530469 0.555556 0.0526042 0.103704
15 0.758594 0.811574 0.0765625 0.10463
15 0.677604 0.838426 0.0729167 0.108333
14 0.651823 0.66713 0.120312 0.165741
15 0.726042 0.931019 0.0885417 0.137963
15 0.614844 0.951389 0.0973958 0.0935185
14 0.576302 0.793981 0.134896 0.243519
