15 0.51276 0.464352 0.0213542 0.0361111
15 0.26276 0.869444 0.0890625 0.164815
15 0.442708 0.846759 0.1375 0.186111
24 0.502604 0.666204 0.0229167 0.0824074
14 0.466146 0.546296 0.0395833 0.0740741
15 0.807292 0.856019 0.0927083 0.121296
12 0.451042 0.85 0.126042 0.175926
15 0.491927 0.490741 0.0265625 0.062963
15 0.552083 0.589352 0.0333333 0.0509259
15 0.578906 0.493981 0.0244792 0.0435185
15 0.360156 0.644907 0.0473958 0.0712963
15 0.57526 0.538426 0.0296875 0.0453704
15 0.380208 0.685648 0.0708333 0.0675926
15 0.479948 0.960648 0.100521 0.0768519
15 0.371354 0.57963 0.0447917 0.0555556
15 0.585677 0.571759 0.0328125 0.0509259
15 0.336979 0.722222 0.0958333 0.0777778
15 0.392448 0.9375 0.0901042 0.123148
15 0.4125 0.56713 0.053125 0.0527778
15 0.402865 0.798148 0.0942708 0.196296
15 0.538542 0.612037 0.0520833 0.062963
24 0.483333 0.618519 0.0166667 0.0666667
14 0.442708 0.49537 0.0552083 0.109259
15 0.488021 0.580093 0.0416667 0.0675926
15 0.313802 0.781018 0.0598958 0.119444
15 0.442187 0.630556 0.0520833 0.0907407
14 0.527083 0.537037 0.053125 0.118519
15 0.751302 0.775463 0.0765625 0.110185
15 0.652865 0.743981 0.0588542 0.0935185
15 0.672917 0.809722 0.071875 0.102778
15 0.614844 0.93287 0.0932292 0.130556
15 0.477604 0.734722 0.0708333 0.0916667
15 0.717708 0.897222 0.0875 0.146296
14 0.63776 0.633333 0.117188 0.146296
14 0.569792 0.762963 0.125 0.233333
