15 0.839453 0.178472 0.119531 0.101389
24 0.633984 0.197222 0.0320312 0.0666667
31 0.577344 0.227083 0.0265625 0.0736111
24 0.192969 0.25625 0.034375 0.0875
23 0.348828 0.347917 0.0320312 0.0208333
24 0.01875 0.290972 0.0375 0.0902778
24 0.604688 0.205556 0.0328125 0.0722222
24 0.577344 0.226389 0.0265625 0.0722222
31 0.543359 0.665278 0.0414063 0.152778
24 0.390625 0.270833 0.025 0.1
31 0.502734 0.61875 0.0507812 0.190278
24 0.236328 0.260417 0.0382813 0.0958333
24 0.272656 0.377083 0.0421875 0.140278
15 0.344922 0.320139 0.0851562 0.126389
24 0.0453125 0.899306 0.090625 0.1875
24 0.9625 0.281944 0.05625 0.113889
24 0.853906 0.236111 0.05 0.0916667
24 0.433594 0.313194 0.0390625 0.123611
24 0.565625 0.882639 0.170312 0.231944
24 0.776563 0.854167 0.214062 0.291667
24 0.841797 0.528472 0.0710938 0.209722
15 0.102344 0.286111 0.14375 0.105556
24 0.236328 0.421528 0.0945313 0.159722
24 0.589063 0.354861 0.0859375 0.156944
