37 0.964844 0.260417 0.0703125 0.131944
14 0.964844 0.257639 0.0703125 0.129167
15 0.305469 0.170833 0.028125 0.0416667
24 0.478125 0.265972 0.0296875 0.0875
24 0.556641 0.2375 0.0257812 0.075
15 0.25 0.26875 0.115625 0.0902778
24 0.14375 0.272222 0.0421875 0.102778
15 0.0171875 0.309722 0.034375 0.105556
24 0.0808594 0.290972 0.0492188 0.0902778
24 0.984375 0.295139 0.03125 0.104167
24 0.188281 0.359722 0.0328125 0.119444
23 0.316016 0.379167 0.0335938 0.025
24 0.364453 0.808333 0.150781 0.241667
24 0.739844 0.44375 0.059375 0.170833
24 0.85625 0.332639 0.0734375 0.134722
24 0.929297 0.415972 0.0570313 0.159722
24 0.166797 0.434028 0.0554687 0.176389
15 0.289844 0.352083 0.104687 0.134722
24 0.3875 0.403472 0.078125 0.151389
