15 0.942578 0.23125 0.0460938 0.0902778
24 0.167578 0.265972 0.0289063 0.0847222
24 0.239063 0.340278 0.0296875 0.116667
24 0.6125 0.221528 0.0234375 0.0763889
23 0.364062 0.327083 0.03125 0.0152778
23 0.982422 0.450694 0.0226563 0.0263889
23 0.354688 0.360417 0.046875 0.0291667
12 0.981641 0.248611 0.0367187 0.111111
24 0.210156 0.259028 0.0359375 0.0930556
24 0.113281 0.269444 0.0359375 0.0861111
14 0.980859 0.242361 0.0382813 0.126389
24 0.479688 0.419444 0.0796875 0.158333
15 0.826953 0.177778 0.0460938 0.0527778
14 0.496094 0.220139 0.104687 0.118056
24 0.152734 0.272917 0.0476562 0.0986111
12 0.739453 0.190278 0.121094 0.111111
24 0.529688 0.254167 0.028125 0.0805556
13 0.478906 0.422917 0.0859375 0.165278
24 0.419531 0.331944 0.040625 0.130556
15 0.317969 0.259722 0.11875 0.105556
24 0.786719 0.450694 0.0578125 0.179167
24 0.976953 0.416667 0.0460938 0.158333
24 0.474219 0.790972 0.157813 0.318056
15 0.330859 0.333333 0.0992187 0.136111
24 0.835938 0.327083 0.075 0.145833
24 0.220313 0.414583 0.0546875 0.168056
15 0.0484375 0.302778 0.096875 0.102778
24 0.389062 0.401389 0.0796875 0.144444
