24 0.636719 0.911806 0.167187 0.170833
14 0.967578 0.241667 0.0648438 0.127778
24 0.396484 0.429167 0.100781 0.186111
14 0.829297 0.186806 0.130469 0.106944
31 0.396094 0.431944 0.096875 0.186111
15 0.967969 0.245833 0.0640625 0.130556
24 0.501953 0.25 0.0320312 0.0888889
14 0.535547 0.214583 0.0960938 0.115278
24 0.126563 0.917361 0.117188 0.1625
37 0.610547 0.117361 0.0742188 0.0958333
37 0.830859 0.188889 0.130469 0.105556
24 0.174219 0.263194 0.0359375 0.0847222
24 0.566406 0.241667 0.0296875 0.0777778
13 0.396094 0.43125 0.0984375 0.1875
14 0.375781 0.251389 0.0890625 0.0888889
24 0.977734 0.284028 0.0445312 0.115278
15 0.376172 0.251389 0.0882813 0.0916667
24 0.914844 0.234028 0.03125 0.0875
24 0.673047 0.840972 0.227344 0.318056
24 0.436328 0.322222 0.0429688 0.127778
24 0.868359 0.239583 0.0507812 0.0930556
24 0.823438 0.507639 0.0640625 0.206944
15 0.344531 0.326389 0.0890625 0.136111
24 0.217187 0.263889 0.0453125 0.0944444
24 0.665234 0.349306 0.0835937 0.151389
24 0.281641 0.403472 0.0945313 0.181944
15 0.0800781 0.29375 0.155469 0.104167
