24 0.484766 0.220139 0.0320312 0.0652778
24 0.205469 0.253472 0.0359375 0.0819444
24 0.253906 0.252083 0.0375 0.0930556
24 0.323047 0.434722 0.0976562 0.177778
23 0.345703 0.35 0.0289063 0.0166667
31 0.494922 0.60625 0.0382813 0.173611
24 0.620703 0.201389 0.0335938 0.0777778
13 0.323438 0.434722 0.09375 0.180556
24 0.0230469 0.281944 0.0460938 0.0861111
24 0.646484 0.195833 0.0273438 0.0638889
31 0.323047 0.434028 0.0914062 0.184722
24 0.282422 0.366667 0.0492188 0.155556
24 0.586328 0.222917 0.0273438 0.0819444
24 0.394531 0.272222 0.0265625 0.0888889
24 0.499219 0.851389 0.140625 0.294444
24 0.944531 0.285417 0.0578125 0.1125
15 0.344141 0.316667 0.0804688 0.136111
24 0.868359 0.875 0.222656 0.25
24 0.844141 0.232639 0.0492188 0.0902778
24 0.433984 0.305556 0.0367187 0.125
24 0.863672 0.549306 0.0742188 0.218056
15 0.119141 0.285417 0.146094 0.101389
24 0.521484 0.361111 0.0882813 0.155556
24 0.19375 0.424306 0.0953125 0.159722
