24 0.339453 0.432639 0.0960938 0.176389
32 0.935938 0.0152778 0.0203125 0.025
24 0.580469 0.227083 0.0265625 0.0763889
24 0.0273438 0.909722 0.0546875 0.163889
15 0.956641 0.232639 0.0867188 0.145833
24 0.6125 0.203472 0.034375 0.0736111
24 0.198437 0.254167 0.0359375 0.0888889
27 0.9375 0.0138889 0.015625 0.0222222
13 0.495703 0.613889 0.0476562 0.183333
14 0.840625 0.177778 0.11875 0.102778
24 0.0285156 0.283333 0.0539063 0.0972222
31 0.495313 0.614583 0.0484375 0.184722
14 0.955078 0.234028 0.0898438 0.154167
24 0.244922 0.25625 0.0398437 0.0958333
24 0.952344 0.280556 0.0578125 0.113889
15 0.341797 0.317361 0.0867188 0.140278
24 0.275391 0.372917 0.0460938 0.154167
24 0.392578 0.269444 0.0320312 0.102778
24 0.849219 0.235417 0.0515625 0.0875
24 0.854297 0.539583 0.0726563 0.218056
24 0.434375 0.306944 0.0390625 0.127778
24 0.822656 0.897222 0.21875 0.2
15 0.114844 0.284722 0.139062 0.105556
24 0.554688 0.358333 0.0875 0.158333
24 0.530859 0.858333 0.153906 0.283333
24 0.212891 0.421528 0.0976562 0.165278
