15 0.965625 0.232639 0.0671875 0.104167
15 0.264844 0.259722 0.075 0.0972222
24 0.464453 0.424306 0.0851562 0.173611
15 0.983203 0.25 0.0335938 0.113889
24 0.398828 0.234722 0.0210938 0.0722222
24 0.490625 0.261111 0.0296875 0.0833333
24 0.221875 0.250694 0.0234375 0.0875
31 0.490234 0.259722 0.0273438 0.0888889
23 0.357422 0.339583 0.0195312 0.0152778
37 0.757812 0.197222 0.142188 0.122222
24 0.564844 0.223611 0.025 0.0583333
24 0.136719 0.266667 0.0390625 0.0861111
13 0.464844 0.425694 0.0890625 0.173611
24 0.897266 0.244444 0.0585938 0.0972222
24 0.545703 0.251389 0.0257812 0.0722222
15 0.341016 0.261806 0.103906 0.104167
24 0.633203 0.214583 0.0257812 0.0791667
24 0.180078 0.269444 0.0476562 0.0944444
24 0.798828 0.331944 0.0804688 0.147222
24 0.983594 0.423611 0.0328125 0.177778
24 0.432031 0.326389 0.0421875 0.125
14 0.510547 0.220139 0.0960938 0.109722
24 0.803516 0.464583 0.0570313 0.184722
15 0.340625 0.327778 0.0890625 0.130556
24 0.239063 0.401389 0.053125 0.169444
24 0.535937 0.803472 0.167187 0.329167
15 0.0605469 0.297222 0.119531 0.102778
24 0.36875 0.405556 0.084375 0.144444
