31 0.513672 0.618056 0.0414063 0.2
15 0.38125 0.240972 0.096875 0.115278
24 0.3875 0.283333 0.028125 0.108333
24 0.25625 0.239583 0.0234375 0.0847222
15 0.964063 0.228472 0.071875 0.145833
24 0.630859 0.200694 0.0242187 0.0736111
24 0.181641 0.261806 0.0398437 0.0930556
14 0.832031 0.182639 0.123438 0.104167
24 0.595703 0.204167 0.0320312 0.0861111
37 0.612109 0.118056 0.0664062 0.102778
13 0.379687 0.43125 0.0984375 0.176389
24 0.569531 0.238194 0.0265625 0.0736111
15 0.344531 0.322222 0.0890625 0.138889
24 0.277344 0.315278 0.0359375 0.116667
24 0.912891 0.227083 0.0304688 0.0930556
14 0.963281 0.226389 0.0734375 0.152778
24 0.225781 0.263889 0.0390625 0.0972222
24 0.0855469 0.917361 0.110156 0.154167
24 0.594141 0.888889 0.144531 0.222222
24 0.432813 0.31875 0.04375 0.129167
24 0.861719 0.238194 0.053125 0.0902778
24 0.723828 0.843056 0.200781 0.313889
24 0.632812 0.352778 0.0859375 0.161111
24 0.972656 0.282639 0.0546875 0.115278
24 0.833203 0.514583 0.0664062 0.204167
15 0.090625 0.293056 0.146875 0.102778
24 0.263281 0.415972 0.09375 0.1625
