27 0.940625 0.0138889 0.0125 0.0222222
24 0.257812 0.252083 0.0390625 0.0875
31 0.0578125 0.281944 0.0203125 0.0916667
15 0.966406 0.161111 0.0609375 0.0583333
14 0.400781 0.218056 0.110937 0.133333
24 0.586719 0.226389 0.03125 0.0805556
23 0.345313 0.35 0.03125 0.0166667
24 0.025 0.283333 0.0484375 0.0777778
24 0.522656 0.251389 0.03125 0.075
15 0.947656 0.222222 0.103125 0.166667
24 0.985156 0.264583 0.0296875 0.109722
37 0.401563 0.217361 0.114063 0.1375
24 0.283984 0.364583 0.0492188 0.145833
24 0.866406 0.559722 0.0703125 0.205556
24 0.394922 0.26875 0.0289063 0.0930556
24 0.940234 0.282639 0.0585938 0.118056
15 0.341406 0.315972 0.0859375 0.1375
24 0.883984 0.909028 0.224219 0.176389
24 0.433984 0.304861 0.0351562 0.123611
24 0.841016 0.230556 0.0523437 0.0944444
24 0.490625 0.840278 0.135937 0.311111
15 0.123828 0.284028 0.144531 0.101389
24 0.509766 0.3625 0.0914062 0.158333
24 0.187109 0.423611 0.0960938 0.161111
