24 0.592578 0.218056 0.0242187 0.0777778
24 0.570703 0.229167 0.0242187 0.075
24 0.160156 0.269444 0.0375 0.0888889
14 0.919531 0.242361 0.0828125 0.0902778
24 0.1 0.281944 0.0484375 0.0972222
32 0.869531 0.0409722 0.028125 0.0236111
15 0.919531 0.24375 0.0828125 0.0902778
14 0.446875 0.2375 0.1 0.1
24 0.201172 0.357639 0.0335938 0.131944
24 0.340234 0.24375 0.0382813 0.0791667
24 0.489062 0.261111 0.0296875 0.0916667
14 0.96875 0.254861 0.0625 0.118056
13 0.46875 0.427778 0.0875 0.169444
31 0.542578 0.6375 0.0335938 0.213889
31 0.509375 0.625 0.046875 0.186111
23 0.323828 0.371528 0.0429688 0.0236111
24 0.987109 0.290278 0.0257812 0.102778
15 0.266406 0.268056 0.11875 0.102778
24 0.748828 0.446528 0.0601562 0.170833
24 0.392188 0.800694 0.153125 0.268056
24 0.847656 0.331944 0.0734375 0.136111
15 0.0222656 0.305556 0.0429688 0.0972222
24 0.939453 0.415278 0.0554687 0.155556
15 0.298828 0.341667 0.102344 0.138889
24 0.385547 0.396528 0.0804688 0.1625
24 0.177344 0.427778 0.053125 0.172222
