24 0.772266 0.157639 0.0335938 0.0347222
23 0.333594 0.275694 0.028125 0.0152778
31 0.599219 0.211806 0.025 0.0902778
32 0.941797 0.0125 0.0195312 0.0222222
24 0.505469 0.20625 0.0328125 0.0875
23 0.351562 0.334722 0.0515625 0.0277778
11 0.945312 0.886111 0.109375 0.225
24 0.280078 0.246528 0.0460938 0.0930556
24 0.6 0.209028 0.0265625 0.0958333
24 0.0472656 0.276389 0.0570313 0.0861111
24 0.638672 0.199306 0.0351562 0.0708333
24 0.299609 0.359722 0.0523437 0.152778
15 0.338672 0.307639 0.0882813 0.143056
24 0.940625 0.270833 0.110937 0.127778
24 0.944922 0.8875 0.110156 0.225
24 0.430859 0.8125 0.102344 0.247222
24 0.899219 0.583333 0.0859375 0.238889
14 0.565234 0.197222 0.0945313 0.108333
24 0.830469 0.226389 0.05 0.1
15 0.142188 0.282639 0.140625 0.101389
24 0.426562 0.376389 0.0921875 0.15
24 0.134766 0.433333 0.102344 0.158333
