24 0.276563 0.235417 0.04375 0.0847222
32 0.940625 0.0118056 0.0203125 0.0208333
24 0.525781 0.23125 0.03125 0.0875
24 0.771875 0.159028 0.03125 0.0319444
24 0.634375 0.202083 0.034375 0.0597222
24 0.211328 0.247222 0.0539063 0.0805556
13 0.485547 0.621528 0.0429688 0.204167
24 0.439453 0.295139 0.0367187 0.106944
13 0.522656 0.628472 0.0515625 0.245833
31 0.522656 0.628472 0.0515625 0.243056
24 0.00703125 0.265972 0.0140625 0.120833
24 0.595703 0.21875 0.0273438 0.0819444
24 0.287891 0.417361 0.0960938 0.2125
31 0.484766 0.620139 0.0414063 0.195833
23 0.341406 0.340972 0.0328125 0.0180556
24 0.040625 0.276389 0.0546875 0.0888889
14 0.410156 0.195833 0.109375 0.177778
24 0.974219 0.272222 0.0515625 0.105556
24 0.925781 0.286806 0.0640625 0.115278
24 0.833594 0.227083 0.046875 0.0986111
24 0.448047 0.815278 0.110156 0.280556
24 0.890234 0.577083 0.0757812 0.234722
24 0.45 0.354861 0.0921875 0.1875
15 0.136719 0.282639 0.145313 0.101389
15 0.343359 0.311111 0.0851562 0.136111
24 0.927734 0.872222 0.144531 0.255556
24 0.149609 0.430556 0.102344 0.158333
