15 0.572656 0.213889 0.0828125 0.075
37 0.428906 0.21875 0.115625 0.131944
24 0.401563 0.266667 0.0296875 0.0888889
24 0.216797 0.246528 0.0695312 0.0875
24 0.603906 0.218056 0.0265625 0.0833333
31 0.472656 0.622917 0.040625 0.209722
14 0.426562 0.219444 0.109375 0.133333
14 0.973828 0.183333 0.0523437 0.155556
13 0.25625 0.438889 0.103125 0.188889
24 0.2875 0.244444 0.04375 0.0944444
24 0.424609 0.922917 0.136719 0.154167
24 0.825 0.227778 0.0546875 0.0972222
24 0.0136719 0.277778 0.0273438 0.0972222
31 0.517187 0.621528 0.05625 0.254167
24 0.905469 0.286806 0.065625 0.118056
24 0.441406 0.295139 0.0359375 0.118056
24 0.0550781 0.274306 0.0523437 0.0875
24 0.306641 0.359722 0.0523437 0.152778
24 0.915234 0.597222 0.0929687 0.255556
24 0.411719 0.786806 0.101562 0.268056
24 0.111328 0.438889 0.108594 0.161111
15 0.149609 0.279861 0.141406 0.104167
24 0.388672 0.377778 0.0960938 0.161111
