37 0.350391 0.322222 0.103906 0.136111
37 0.35625 0.247917 0.109375 0.129167
24 0.726562 0.922917 0.109375 0.148611
24 0.9875 0.284722 0.025 0.111111
24 0.238281 0.245139 0.0265625 0.0847222
23 0.356641 0.352083 0.0289063 0.0236111
24 0.880078 0.244444 0.0554687 0.0916667
24 0.990625 0.442361 0.01875 0.156944
24 0.158203 0.264583 0.0398437 0.0902778
24 0.646484 0.211111 0.0257812 0.0833333
24 0.495703 0.252778 0.0320312 0.0861111
24 0.557422 0.244444 0.0304688 0.0833333
24 0.432422 0.326389 0.0445312 0.127778
15 0.347266 0.324306 0.0960938 0.131944
13 0.428125 0.429861 0.0984375 0.173611
24 0.201172 0.267361 0.0476562 0.0986111
14 0.522656 0.215972 0.09375 0.109722
24 0.323047 0.411111 0.0867188 0.15
24 0.728125 0.340972 0.084375 0.151389
24 0.248437 0.397222 0.053125 0.163889
24 0.8125 0.484028 0.065625 0.193056
24 0.605078 0.824306 0.167969 0.343056
15 0.0710938 0.296528 0.140625 0.104167
