15 0.437891 0.2375 0.0976562 0.0972222
24 0.234375 0.44375 0.10625 0.179167
13 0.233594 0.445833 0.104687 0.177778
24 0.293359 0.245139 0.0351562 0.0930556
31 0.503516 0.625694 0.0414063 0.2625
24 0.406641 0.263194 0.0242187 0.0847222
24 0.931641 0.275 0.0601562 0.105556
14 0.438672 0.236806 0.0945313 0.0930556
24 0.891406 0.289583 0.06875 0.120833
24 0.817969 0.227083 0.0546875 0.0986111
15 0.345703 0.304167 0.0820312 0.125
24 0.0183594 0.277083 0.0367187 0.0986111
24 0.384766 0.913194 0.135156 0.170833
24 0.0652344 0.272917 0.0507812 0.0875
24 0.387109 0.788194 0.0960938 0.259722
24 0.442969 0.295139 0.028125 0.109722
24 0.942969 0.618056 0.096875 0.258333
24 0.339063 0.378472 0.1 0.181944
15 0.162891 0.277778 0.139844 0.102778
24 0.08125 0.441667 0.103125 0.158333
