31 0.333984 0.4375 0.0960938 0.175
24 0.335156 0.436111 0.096875 0.175
24 0.583203 0.225694 0.0273438 0.0763889
37 0.845703 0.175694 0.117969 0.106944
31 0.494531 0.610417 0.0390625 0.179167
24 0.201562 0.253472 0.034375 0.0930556
24 0.614062 0.20625 0.0328125 0.0625
14 0.953516 0.229861 0.0929687 0.148611
24 0.248828 0.254167 0.0398437 0.0972222
24 0.277344 0.372917 0.046875 0.148611
24 0.949609 0.281944 0.0570313 0.111111
24 0.392578 0.270833 0.0273438 0.0972222
24 0.0199219 0.9125 0.0398437 0.155556
15 0.344141 0.318056 0.0835937 0.138889
24 0.856641 0.543056 0.0726563 0.216667
24 0.837109 0.901389 0.216406 0.194444
24 0.435547 0.30625 0.0382813 0.123611
24 0.846484 0.234028 0.0507812 0.0930556
24 0.521875 0.883333 0.148438 0.227778
15 0.11875 0.285417 0.140625 0.104167
24 0.543359 0.359028 0.0898438 0.159722
24 0.207031 0.423611 0.0953125 0.158333
