24 0.553125 0.622222 0.075 0.208333
15 0.966797 0.232639 0.0648438 0.106944
32 0.925781 0.0256944 0.025 0.0263889
24 0.491406 0.263194 0.03125 0.0763889
24 0.200391 0.264583 0.0257812 0.0875
37 0.523438 0.218056 0.117188 0.122222
24 0.381641 0.284028 0.0226563 0.0652778
24 0.636719 0.2125 0.0265625 0.0833333
15 0.348437 0.253472 0.115625 0.0930556
23 0.351953 0.334028 0.0195312 0.0125
13 0.454688 0.426389 0.0953125 0.175
24 0.143359 0.266667 0.0398437 0.0833333
14 0.523047 0.219444 0.114844 0.116667
24 0.549219 0.250694 0.0265625 0.0763889
31 0.548828 0.252083 0.0257812 0.0763889
24 0.186328 0.26875 0.0460938 0.0902778
24 0.892969 0.241667 0.0578125 0.0944444
24 0.984766 0.429861 0.0304688 0.184722
24 0.433203 0.326389 0.0398437 0.127778
24 0.779297 0.333333 0.0773437 0.147222
15 0.342969 0.322917 0.0921875 0.126389
24 0.242578 0.403472 0.0554687 0.1625
15 0.0636719 0.296528 0.125781 0.104167
24 0.805859 0.470139 0.0554687 0.1875
24 0.35625 0.413194 0.0875 0.1375
24 0.558594 0.809028 0.173438 0.329167
