37 0.822266 0.186806 0.105469 0.106944
24 0.50625 0.245139 0.0296875 0.0902778
23 0.355469 0.349306 0.04375 0.0263889
15 0.821094 0.184028 0.101562 0.106944
31 0.55625 0.624306 0.0609375 0.243056
15 0.964453 0.233333 0.0710938 0.138889
14 0.820703 0.184722 0.0992187 0.108333
23 0.353906 0.336806 0.0375 0.0208333
24 0.253906 0.240278 0.0203125 0.0805556
14 0.539844 0.215278 0.0890625 0.105556
24 0.276953 0.31875 0.0320312 0.120833
24 0.617188 0.198611 0.01875 0.0666667
24 0.385156 0.415972 0.09375 0.204167
24 0.598437 0.892361 0.134375 0.2125
24 0.18125 0.2625 0.040625 0.0916667
24 0.629687 0.2 0.01875 0.0638889
24 0.568359 0.240972 0.0273438 0.0791667
37 0.611328 0.116667 0.0695312 0.0972222
14 0.380469 0.246528 0.0890625 0.101389
14 0.964063 0.229861 0.071875 0.148611
24 0.717578 0.88125 0.189844 0.231944
24 0.223438 0.2625 0.040625 0.0972222
24 0.913672 0.228472 0.0289063 0.0902778
24 0.975 0.284028 0.0484375 0.115278
24 0.1 0.913194 0.115625 0.1625
24 0.863672 0.240278 0.0523437 0.0861111
24 0.435156 0.319444 0.0421875 0.125
24 0.828906 0.511806 0.06875 0.204167
15 0.345313 0.324306 0.0875 0.1375
24 0.643359 0.350694 0.0835937 0.151389
24 0.270703 0.40625 0.0914062 0.176389
15 0.0878906 0.29375 0.150781 0.101389
