15 0.264453 0.254861 0.0742188 0.0930556
23 0.357812 0.334722 0.025 0.0194444
15 0.369141 0.160417 0.0398437 0.0458333
24 0.2 0.252083 0.0171875 0.0847222
23 0.803906 0.5 0.0171875 0.025
14 0.766406 0.190278 0.13125 0.108333
24 0.488281 0.261806 0.0296875 0.0847222
15 0.983984 0.247222 0.0320312 0.111111
24 0.630859 0.214583 0.0257812 0.0819444
24 0.394531 0.233333 0.021875 0.075
37 0.764063 0.19375 0.135937 0.1125
24 0.222266 0.251389 0.0273438 0.0833333
24 0.189453 0.265972 0.0257812 0.0875
24 0.164453 0.269444 0.0273438 0.0916667
15 0.337109 0.260417 0.102344 0.104167
24 0.544531 0.251389 0.028125 0.075
24 0.132812 0.267361 0.040625 0.0902778
13 0.470313 0.424306 0.0875 0.170833
24 0.898828 0.243056 0.0554687 0.0916667
14 0.509375 0.220833 0.0984375 0.113889
24 0.430859 0.326389 0.0414063 0.127778
24 0.983594 0.423611 0.0328125 0.166667
15 0.340234 0.329167 0.0898438 0.130556
24 0.801172 0.464583 0.0554687 0.176389
24 0.807422 0.329861 0.0804688 0.140278
24 0.235938 0.404167 0.053125 0.169444
24 0.525391 0.800694 0.166406 0.331944
15 0.0585938 0.297222 0.117188 0.105556
24 0.374219 0.397917 0.0859375 0.156944
