37 0.969531 0.243056 0.0609375 0.133333
37 0.364844 0.238889 0.0984375 0.136111
24 0.60625 0.203472 0.021875 0.0708333
24 0.65 0.208333 0.025 0.0805556
24 0.242188 0.238194 0.0265625 0.0930556
23 0.354297 0.365278 0.0273438 0.0222222
23 0.330469 0.33125 0.0140625 0.0152778
15 0.805469 0.186111 0.0984375 0.105556
37 0.805859 0.188194 0.108594 0.104167
24 0.581641 0.215972 0.0289063 0.0736111
31 0.523828 0.623611 0.0398437 0.208333
24 0.560156 0.240278 0.028125 0.0888889
13 0.417578 0.43125 0.0976562 0.184722
23 0.358594 0.35 0.0375 0.025
31 0.417188 0.43125 0.0984375 0.184722
24 0.632031 0.816667 0.1875 0.316667
24 0.164062 0.265972 0.040625 0.0902778
24 0.182031 0.930556 0.115625 0.138889
24 0.917188 0.234722 0.03125 0.0888889
24 0.989062 0.442361 0.021875 0.165278
24 0.875 0.238889 0.0546875 0.1
14 0.526172 0.216667 0.0945313 0.111111
24 0.683203 0.906944 0.146094 0.183333
24 0.205469 0.267361 0.046875 0.0958333
15 0.346094 0.325 0.0890625 0.133333
24 0.707422 0.344444 0.0851562 0.152778
24 0.432813 0.324306 0.040625 0.126389
24 0.816406 0.491667 0.065625 0.191667
24 0.251563 0.394444 0.05625 0.169444
15 0.0734375 0.295139 0.145313 0.106944
24 0.309766 0.4125 0.0882813 0.152778
