24 0.159375 0.26875 0.0359375 0.0819444
24 0.479688 0.41875 0.0796875 0.1625
23 0.3625 0.331944 0.03125 0.0166667
15 0.485938 0.223611 0.104687 0.119444
14 0.736328 0.19375 0.124219 0.118056
24 0.464844 0.267361 0.025 0.0819444
31 0.533203 0.620833 0.0460938 0.194444
37 0.735547 0.19375 0.124219 0.120833
23 0.354688 0.357639 0.0484375 0.0347222
24 0.200391 0.257639 0.0335938 0.0902778
12 0.733984 0.194444 0.124219 0.119444
31 0.569922 0.663889 0.0445312 0.158333
24 0.524219 0.250694 0.0296875 0.0902778
14 0.979297 0.240278 0.0414063 0.138889
14 0.4875 0.222222 0.107813 0.119444
24 0.229297 0.343056 0.0335938 0.113889
15 0.310937 0.259722 0.114063 0.1
24 0.605859 0.21875 0.0257812 0.0847222
13 0.477734 0.422917 0.0867188 0.168056
24 0.144141 0.277083 0.0523437 0.0930556
24 0.411328 0.329167 0.0429688 0.125
24 0.779688 0.449306 0.0546875 0.173611
24 0.457812 0.792361 0.157813 0.3125
15 0.323828 0.334028 0.0960938 0.134722
24 0.212109 0.414583 0.0523437 0.168056
24 0.839453 0.327778 0.0742188 0.141667
24 0.972266 0.413194 0.0523437 0.156944
15 0.0453125 0.301389 0.0890625 0.102778
24 0.389062 0.402083 0.0796875 0.143056
