23 0.347656 0.343056 0.028125 0.0222222
24 0.607422 0.206944 0.0320312 0.0722222
24 0.6375 0.196528 0.025 0.0652778
24 0.195703 0.256944 0.0351562 0.0833333
23 0.346484 0.336111 0.0257812 0.0166667
31 0.499609 0.617361 0.0554687 0.1875
24 0.0179687 0.2875 0.0359375 0.0944444
24 0.579297 0.222222 0.0257812 0.0805556
15 0.839453 0.181944 0.113281 0.108333
24 0.241016 0.261806 0.0414063 0.0902778
24 0.391016 0.270139 0.0273438 0.0958333
24 0.0378906 0.893056 0.0757812 0.188889
14 0.957031 0.227083 0.0859375 0.145833
24 0.90625 0.229167 0.028125 0.0833333
24 0.273438 0.375 0.046875 0.161111
15 0.341406 0.320139 0.0890625 0.134722
24 0.79375 0.856944 0.217187 0.286111
24 0.852344 0.232639 0.05 0.0958333
24 0.433984 0.309028 0.0382813 0.129167
24 0.959375 0.28125 0.0578125 0.120833
24 0.845703 0.530556 0.0679687 0.211111
15 0.103516 0.284722 0.146094 0.102778
24 0.577344 0.354861 0.0859375 0.154167
24 0.553906 0.906944 0.1625 0.183333
24 0.228906 0.421528 0.0953125 0.156944
