24 0.886719 0.241667 0.0515625 0.0944444
14 0.934375 0.232639 0.0609375 0.0930556
24 0.354297 0.220833 0.0289063 0.0916667
37 0.729297 0.1875 0.122656 0.122222
24 0.455859 0.265278 0.0257812 0.0888889
24 0.596875 0.224306 0.0265625 0.0819444
31 0.528516 0.622222 0.0429688 0.205556
14 0.976953 0.254167 0.0460938 0.108333
24 0.223438 0.340972 0.040625 0.120833
24 0.191406 0.25625 0.0375 0.0958333
23 0.345313 0.373611 0.04375 0.0222222
14 0.477344 0.222917 0.10625 0.115278
13 0.475781 0.421528 0.0875 0.168056
15 0.299609 0.261806 0.124219 0.104167
24 0.130859 0.277083 0.0492188 0.101389
24 0.514844 0.252083 0.0328125 0.0986111
15 0.320703 0.336111 0.105469 0.141667
15 0.0398437 0.298611 0.078125 0.105556
24 0.770703 0.447917 0.0570313 0.173611
24 0.405078 0.330556 0.0367187 0.122222
24 0.203906 0.415972 0.053125 0.170833
24 0.963672 0.413889 0.0539063 0.152778
24 0.841406 0.326389 0.0765625 0.141667
24 0.441797 0.779861 0.155469 0.329167
24 0.388281 0.402083 0.078125 0.143056
