13 0.486719 0.615278 0.040625 0.188889
15 0.388281 0.255556 0.065625 0.0777778
24 0.767969 0.158333 0.0359375 0.0333333
24 0.213281 0.247917 0.05 0.0847222
15 0.703516 0.156944 0.0695312 0.05
27 0.942187 0.0118056 0.015625 0.0208333
23 0.903125 0.610417 0.034375 0.0319444
15 0.564062 0.211806 0.0921875 0.0791667
23 0.342578 0.3375 0.0320312 0.0194444
13 0.513672 0.630556 0.0835937 0.233333
24 0.397656 0.268056 0.0265625 0.0861111
23 0.339063 0.347917 0.0234375 0.0180556
14 0.409766 0.228472 0.113281 0.109722
24 0.594922 0.217361 0.0257812 0.0819444
24 0.0367187 0.276389 0.0546875 0.0861111
24 0.295703 0.407639 0.0992187 0.231944
24 0.928125 0.282639 0.0609375 0.1125
24 0.834375 0.227778 0.05 0.0972222
24 0.977344 0.268056 0.0453125 0.111111
24 0.887109 0.572222 0.0773437 0.230556
24 0.453906 0.814583 0.110937 0.2875
15 0.343359 0.313194 0.0835937 0.134722
15 0.132422 0.282639 0.144531 0.101389
24 0.918359 0.869444 0.163281 0.261111
24 0.157813 0.427778 0.101562 0.163889
24 0.462891 0.367361 0.0898438 0.156944
