23 0.332422 0.338889 0.0257812 0.0138889
15 0.964453 0.228472 0.0554687 0.0875
14 0.523828 0.217361 0.108594 0.115278
23 0.353906 0.327778 0.01875 0.0138889
24 0.150391 0.263194 0.0382813 0.0902778
24 0.233203 0.245833 0.0257812 0.0833333
37 0.977734 0.249306 0.0445312 0.1125
24 0.888672 0.242361 0.0554687 0.0902778
13 0.444141 0.427083 0.0945313 0.173611
24 0.639844 0.214583 0.025 0.0763889
24 0.554297 0.24375 0.0320312 0.0875
24 0.987891 0.428472 0.0242187 0.181944
24 0.435156 0.327083 0.04375 0.126389
24 0.192188 0.268056 0.046875 0.0888889
15 0.343359 0.320833 0.0929687 0.125
24 0.758984 0.336806 0.0820312 0.151389
24 0.246875 0.399306 0.0546875 0.1625
24 0.808984 0.475694 0.0617188 0.1875
15 0.0667969 0.296528 0.132031 0.104167
24 0.581641 0.815972 0.175781 0.3375
24 0.34375 0.410417 0.084375 0.145833
