23 0.957031 0.45 0.0234375 0.0277778
24 0.5875 0.221528 0.025 0.0847222
14 0.973828 0.254167 0.0523437 0.111111
14 0.928516 0.235417 0.0664062 0.0875
32 0.886328 0.0361111 0.0304688 0.0222222
24 0.341406 0.226389 0.0203125 0.0722222
24 0.88125 0.2375 0.046875 0.108333
24 0.0832031 0.272222 0.0335938 0.0916667
13 0.473828 0.422917 0.0867188 0.170833
31 0.521875 0.617361 0.0359375 0.190278
24 0.400391 0.332639 0.0382813 0.123611
24 0.21875 0.34375 0.0390625 0.123611
23 0.344922 0.365278 0.0554687 0.0305556
24 0.182422 0.258333 0.0398437 0.0972222
14 0.466016 0.225694 0.105469 0.115278
24 0.122266 0.273611 0.0507812 0.1
15 0.286328 0.261806 0.121094 0.101389
15 0.313672 0.336111 0.102344 0.138889
24 0.425391 0.811111 0.152344 0.247222
24 0.954687 0.413889 0.0515625 0.152778
15 0.0335938 0.297222 0.0671875 0.108333
24 0.844141 0.327778 0.0757812 0.138889
24 0.764063 0.446528 0.05625 0.173611
24 0.196484 0.41875 0.0539063 0.170833
24 0.388672 0.402083 0.0804688 0.143056
