23 0.354688 0.335417 0.0609375 0.0347222
31 0.475391 0.618056 0.0367187 0.194444
15 0.864844 0.173611 0.0890625 0.1
24 0.962891 0.911806 0.0742188 0.173611
24 0.955469 0.273611 0.0609375 0.108333
24 0.433594 0.925 0.14375 0.15
24 0.283984 0.249306 0.0445312 0.0902778
24 0.827344 0.227778 0.053125 0.0972222
13 0.263672 0.439583 0.100781 0.179167
24 0.0121094 0.272917 0.0242187 0.106944
24 0.908984 0.286806 0.0617188 0.118056
24 0.0515625 0.273611 0.053125 0.0888889
24 0.419922 0.786806 0.100781 0.276389
24 0.304688 0.360417 0.0546875 0.156944
24 0.440234 0.295139 0.0289063 0.115278
24 0.910547 0.595139 0.0867188 0.251389
15 0.146875 0.279861 0.14375 0.104167
24 0.401953 0.375 0.0914062 0.158333
24 0.119531 0.4375 0.103125 0.155556
