15 0.684375 0.2 0.0578125 0.0666667
31 0.546484 0.615278 0.0804688 0.222222
24 0.235156 0.245833 0.0265625 0.0833333
23 0.352344 0.343056 0.03125 0.0166667
24 0.495703 0.255556 0.0320312 0.0861111
15 0.145703 0.26875 0.0523437 0.0847222
14 0.974609 0.181944 0.0507812 0.258333
24 0.153125 0.265972 0.034375 0.0875
14 0.523047 0.217361 0.102344 0.115278
23 0.351172 0.330556 0.0195312 0.0111111
13 0.439844 0.427778 0.09375 0.172222
24 0.988672 0.439583 0.0226563 0.170833
24 0.432813 0.326389 0.04375 0.122222
24 0.194922 0.267361 0.0460938 0.0902778
24 0.555078 0.24375 0.0320312 0.0902778
15 0.345313 0.323611 0.090625 0.130556
24 0.749219 0.338194 0.084375 0.148611
24 0.810547 0.478472 0.0632813 0.190278
24 0.248047 0.398611 0.0539063 0.161111
15 0.0679687 0.296528 0.134375 0.104167
24 0.335938 0.4125 0.0859375 0.141667
24 0.591797 0.819444 0.175781 0.341667
