13 0.281641 0.446528 0.0992187 0.156944
23 0.341797 0.3375 0.0304688 0.0194444
24 0.281641 0.445139 0.0976562 0.165278
31 0.520703 0.603472 0.0367187 0.220833
23 0.341016 0.349306 0.0257812 0.0180556
32 0.938672 0.0125 0.0257812 0.0222222
24 0.637109 0.198611 0.0335938 0.0694444
13 0.484766 0.619444 0.0476562 0.202778
24 0.96875 0.265972 0.059375 0.101389
24 0.596875 0.215972 0.025 0.0819444
24 0.277344 0.24375 0.0453125 0.0958333
24 0.301172 0.359722 0.0523437 0.155556
11 0.935547 0.865972 0.128906 0.2625
24 0.0433594 0.277778 0.0570313 0.0861111
14 0.413672 0.196528 0.103906 0.176389
24 0.439453 0.294444 0.0335938 0.1
31 0.484375 0.619444 0.0453125 0.2
24 0.921094 0.285417 0.0625 0.115278
14 0.564844 0.195833 0.0921875 0.113889
31 0.519531 0.655556 0.0546875 0.191667
15 0.339844 0.309028 0.0875 0.145833
24 0.896094 0.580556 0.08125 0.238889
24 0.832422 0.227778 0.0476562 0.0944444
24 0.936328 0.870139 0.127344 0.259722
24 0.440234 0.804861 0.108594 0.2875
24 0.438281 0.365278 0.0921875 0.169444
15 0.138672 0.282639 0.142969 0.101389
24 0.141406 0.431944 0.101562 0.158333
