24 0.574219 0.225 0.025 0.0722222
14 0.483984 0.153472 0.0492188 0.0375
37 0.964063 0.266667 0.071875 0.130556
23 0.308203 0.383333 0.0242187 0.025
11 0.965234 0.268056 0.0695312 0.127778
15 0.431641 0.240278 0.105469 0.108333
24 0.473437 0.2625 0.0328125 0.102778
15 0.241797 0.275 0.116406 0.0972222
24 0.138672 0.279167 0.0398437 0.0916667
15 0.0136719 0.304861 0.0273438 0.109722
24 0.552344 0.234028 0.0265625 0.0847222
24 0.983984 0.29375 0.0320312 0.104167
24 0.0753906 0.290972 0.0507812 0.0930556
24 0.185547 0.359028 0.0367187 0.126389
23 0.3125 0.378472 0.0359375 0.0263889
24 0.351562 0.794444 0.15 0.263889
24 0.737109 0.440972 0.0570313 0.168056
24 0.160938 0.436111 0.053125 0.175
24 0.925 0.415278 0.0578125 0.155556
24 0.8625 0.331944 0.0703125 0.136111
15 0.286328 0.35 0.107031 0.138889
24 0.390625 0.40625 0.0765625 0.145833
