31 0.310937 0.4375 0.0921875 0.169444
15 0.946484 0.223611 0.105469 0.15
15 0.369531 0.25625 0.034375 0.0597222
24 0.3125 0.436806 0.0984375 0.176389
24 0.51875 0.252778 0.021875 0.0666667
15 0.423438 0.254167 0.0484375 0.0666667
24 0.260156 0.250694 0.0375 0.0875
23 0.343359 0.347917 0.0304688 0.0180556
24 0.288281 0.366667 0.0484375 0.144444
15 0.965234 0.159028 0.0648438 0.0541667
24 0.983203 0.26875 0.0335938 0.104167
24 0.0289063 0.278472 0.0546875 0.0875
24 0.395703 0.270139 0.0257812 0.0847222
24 0.872656 0.557639 0.078125 0.223611
24 0.894141 0.870833 0.211719 0.258333
24 0.936719 0.283333 0.0578125 0.119444
15 0.337891 0.314583 0.0929687 0.134722
24 0.839063 0.229167 0.053125 0.0944444
24 0.434766 0.304167 0.0320312 0.119444
24 0.497656 0.361806 0.0890625 0.159722
15 0.124609 0.283333 0.144531 0.1
24 0.179297 0.424306 0.0976562 0.1625
24 0.479297 0.834722 0.119531 0.313889
