23 0.305078 0.370139 0.0289063 0.0208333
15 0.291797 0.170833 0.0273438 0.0416667
15 0.112891 0.275694 0.0679687 0.0930556
11 0.975 0.926389 0.05 0.147222
11 0.963672 0.267361 0.0726563 0.131944
24 0.308594 0.254167 0.0390625 0.0833333
24 0.485547 0.226389 0.0226563 0.0666667
13 0.474219 0.429167 0.0859375 0.172222
24 0.362109 0.34375 0.0320312 0.126389
15 0.00742187 0.304861 0.0148437 0.109722
15 0.23125 0.274306 0.114063 0.101389
24 0.0601562 0.291667 0.0515625 0.0916667
24 0.564453 0.224306 0.0226563 0.0736111
24 0.177734 0.365278 0.0351562 0.119444
37 0.305469 0.159028 0.0515625 0.0652778
24 0.504687 0.221528 0.01875 0.0652778
24 0.982422 0.292361 0.0351562 0.120833
37 0.963281 0.261806 0.0734375 0.118056
24 0.542188 0.233333 0.0265625 0.0833333
24 0.872656 0.338889 0.06875 0.111111
23 0.303516 0.38125 0.0289063 0.0236111
24 0.464063 0.261111 0.0328125 0.105556
24 0.729297 0.4375 0.0570313 0.172222
24 0.327734 0.775 0.146094 0.294444
24 0.917188 0.409028 0.05 0.148611
24 0.151953 0.436806 0.0554687 0.184722
15 0.280469 0.349306 0.110937 0.143056
24 0.396094 0.405556 0.0796875 0.141667
