23 0.984375 0.309722 0.028125 0.0222222
15 0.981641 0.248611 0.0367187 0.108333
24 0.196094 0.264583 0.025 0.0875
15 0.263281 0.261806 0.0671875 0.0986111
24 0.490234 0.259722 0.0320312 0.0833333
24 0.140625 0.26875 0.0390625 0.0847222
24 0.459766 0.424306 0.0898438 0.165278
24 0.896094 0.240972 0.0578125 0.0958333
24 0.548437 0.250694 0.0265625 0.0736111
24 0.225 0.248611 0.0203125 0.0805556
24 0.181641 0.26875 0.0445312 0.0902778
15 0.339844 0.259028 0.10625 0.101389
24 0.983984 0.423611 0.0320312 0.183333
15 0.34375 0.327083 0.096875 0.131944
24 0.788672 0.334722 0.0757812 0.147222
14 0.512891 0.217361 0.0945313 0.1125
24 0.432031 0.325694 0.0390625 0.126389
24 0.241016 0.402778 0.0554687 0.169444
24 0.803125 0.465972 0.0578125 0.190278
15 0.0613281 0.297222 0.121094 0.102778
24 0.547266 0.809028 0.169531 0.323611
24 0.3625 0.40625 0.0859375 0.143056
