24 0.252734 0.402778 0.0476562 0.147222
24 0.282813 0.250694 0.0390625 0.0902778
31 0.388281 0.295139 0.025 0.0958333
31 0.558594 0.669444 0.0484375 0.158333
24 0.564453 0.238889 0.0273438 0.0805556
24 0.639844 0.927083 0.142188 0.145833
14 0.809375 0.1875 0.0953125 0.102778
24 0.656641 0.204167 0.0257812 0.0805556
15 0.377344 0.251389 0.09375 0.0944444
37 0.833594 0.1875 0.14375 0.108333
14 0.967578 0.235417 0.0632813 0.1375
31 0.402344 0.434722 0.09375 0.175
24 0.978516 0.283333 0.0414063 0.113889
24 0.170703 0.263194 0.0382813 0.0902778
13 0.401172 0.434722 0.0992187 0.180556
24 0.141016 0.923611 0.113281 0.147222
37 0.376953 0.250694 0.0929687 0.0930556
24 0.915625 0.233333 0.03125 0.0861111
24 0.214062 0.266667 0.04375 0.0944444
24 0.870313 0.242361 0.0515625 0.0930556
24 0.434375 0.322917 0.0390625 0.123611
24 0.821484 0.504861 0.0648438 0.204167
15 0.346094 0.327083 0.0875 0.1375
24 0.676172 0.347917 0.0867188 0.156944
24 0.669922 0.8625 0.199219 0.275
15 0.078125 0.294444 0.153125 0.105556
24 0.2875 0.413889 0.0953125 0.158333
