24 0.0976562 0.279861 0.028125 0.0763889
24 0.0828125 0.295139 0.0234375 0.0875
13 0.473047 0.428472 0.0898438 0.176389
23 0.307422 0.372222 0.0273438 0.0222222
11 0.964844 0.263194 0.0703125 0.131944
24 0.528516 0.216667 0.0226563 0.0777778
15 0.236328 0.275694 0.116406 0.101389
37 0.677734 0.208333 0.107031 0.1
31 0.503125 0.631944 0.0375 0.2
24 0.490625 0.225694 0.0234375 0.0680556
37 0.963672 0.2625 0.0726563 0.130556
24 0.182422 0.361111 0.0335938 0.119444
15 0.0105469 0.303472 0.0195312 0.0958333
15 0.904297 0.247917 0.0914062 0.0958333
24 0.467969 0.265278 0.0328125 0.0944444
24 0.56875 0.227778 0.0234375 0.075
24 0.130859 0.278472 0.0414063 0.0930556
24 0.983984 0.290972 0.0304688 0.106944
23 0.305469 0.38125 0.0265625 0.0236111
24 0.548047 0.235417 0.0257812 0.0875
24 0.732422 0.439583 0.0554687 0.165278
24 0.867578 0.338194 0.0679687 0.120833
24 0.921094 0.4125 0.0546875 0.15
24 0.339844 0.771528 0.148438 0.3125
15 0.282813 0.349306 0.107813 0.140278
24 0.157422 0.438889 0.0554687 0.177778
24 0.394141 0.406944 0.0773437 0.141667
