31 0.573828 0.234722 0.0242187 0.0722222
24 0.601953 0.20625 0.0320312 0.0736111
14 0.547266 0.220139 0.0898438 0.0847222
15 0.957422 0.223611 0.0851562 0.155556
24 0.0140625 0.286806 0.028125 0.0902778
24 0.271875 0.379861 0.04375 0.156944
31 0.546484 0.6125 0.0539063 0.25
14 0.957031 0.222222 0.0859375 0.158333
14 0.834766 0.179167 0.122656 0.102778
37 0.346094 0.315278 0.0859375 0.15
23 0.350391 0.353472 0.0382813 0.0236111
15 0.344531 0.317361 0.084375 0.156944
31 0.504297 0.622222 0.0523437 0.205556
24 0.389453 0.272917 0.0289063 0.104167
24 0.233594 0.260417 0.0390625 0.0986111
24 0.910937 0.227778 0.03125 0.0888889
24 0.433594 0.313889 0.04375 0.127778
24 0.85625 0.236806 0.05 0.0930556
24 0.0535156 0.909722 0.107031 0.172222
24 0.965625 0.281944 0.0578125 0.116667
24 0.764453 0.885417 0.211719 0.229167
24 0.572266 0.915278 0.161719 0.166667
24 0.841406 0.524306 0.0703125 0.209722
15 0.0980469 0.290278 0.146094 0.105556
24 0.600391 0.353472 0.0851562 0.154167
24 0.242578 0.419444 0.0945313 0.158333
