23 0.846484 0.563889 0.0179687 0.0277778
15 0.960156 0.226389 0.0796875 0.158333
23 0.353125 0.353472 0.0265625 0.0152778
14 0.542969 0.220833 0.0921875 0.0861111
31 0.541406 0.604861 0.0625 0.231944
24 0.186719 0.259722 0.034375 0.0861111
24 0.0140625 0.286806 0.028125 0.0986111
24 0.572266 0.234028 0.0242187 0.0708333
13 0.368359 0.435417 0.0960938 0.181944
24 0.599219 0.203472 0.0328125 0.0875
24 0.633594 0.19375 0.0265625 0.0791667
24 0.912109 0.225 0.0304688 0.0944444
31 0.505469 0.622917 0.05 0.2125
15 0.34375 0.323611 0.0875 0.136111
15 0.385156 0.252778 0.101562 0.108333
24 0.278906 0.313889 0.0390625 0.122222
24 0.0605469 0.909028 0.119531 0.173611
24 0.96875 0.282639 0.0578125 0.115278
24 0.23125 0.263194 0.0421875 0.0986111
24 0.432813 0.31875 0.0390625 0.118056
24 0.858203 0.2375 0.0492188 0.0916667
24 0.576953 0.909028 0.146094 0.176389
24 0.751172 0.88125 0.208594 0.2375
24 0.8375 0.521528 0.065625 0.206944
24 0.611719 0.352083 0.084375 0.154167
24 0.250781 0.418056 0.0921875 0.158333
15 0.096875 0.290278 0.14375 0.102778
