23 0.950781 0.653472 0.0359375 0.0375
14 0.430078 0.227778 0.105469 0.111111
14 0.972656 0.189583 0.0546875 0.145833
13 0.245703 0.442361 0.100781 0.179167
14 0.569922 0.196528 0.0898438 0.109722
37 0.866406 0.174306 0.08125 0.101389
15 0.865625 0.174306 0.0796875 0.104167
31 0.469531 0.621528 0.0453125 0.201389
31 0.508984 0.670139 0.0414063 0.154167
24 0.938281 0.274306 0.0640625 0.115278
24 0.898438 0.285417 0.059375 0.118056
24 0.0152344 0.28125 0.0304688 0.0986111
24 0.314844 0.358333 0.0578125 0.152778
24 0.059375 0.275694 0.0515625 0.0847222
24 0.441797 0.295833 0.0320312 0.113889
24 0.821094 0.227778 0.053125 0.0972222
24 0.401172 0.916667 0.135156 0.163889
24 0.4 0.790972 0.0984375 0.259722
24 0.929297 0.609028 0.0976562 0.256944
24 0.365234 0.374306 0.0929687 0.181944
15 0.155469 0.277778 0.142188 0.102778
24 0.0964844 0.441667 0.105469 0.158333
