24 0.267578 0.243056 0.0476562 0.0833333
15 0.401953 0.252083 0.0992187 0.0791667
24 0.30625 0.417361 0.101562 0.215278
15 0.561328 0.215972 0.0789063 0.0736111
24 0.653125 0.188194 0.025 0.0625
24 0.626953 0.203472 0.0351562 0.0680556
23 0.343359 0.346528 0.0304688 0.0208333
14 0.40625 0.23125 0.110937 0.106944
24 0.292969 0.36875 0.0625 0.1375
24 0.591406 0.219444 0.0296875 0.0833333
24 0.396875 0.26875 0.028125 0.0875
23 0.347656 0.338889 0.040625 0.0222222
24 0.0292969 0.279861 0.0523437 0.0875
24 0.435547 0.302778 0.0320312 0.119444
24 0.980859 0.26875 0.0382813 0.104167
15 0.343359 0.313889 0.0835937 0.133333
24 0.8375 0.227778 0.0515625 0.0944444
24 0.933984 0.284028 0.0570313 0.115278
24 0.877734 0.5625 0.0742188 0.222222
24 0.470313 0.831944 0.11875 0.305556
24 0.902734 0.867361 0.194531 0.265278
15 0.128906 0.282639 0.146875 0.0986111
24 0.171875 0.425 0.1 0.163889
24 0.485938 0.363194 0.0875 0.159722
