24 0.292578 0.240278 0.0304688 0.0833333
15 0.436719 0.227778 0.09375 0.111111
15 0.219141 0.257639 0.0539063 0.0791667
24 0.269141 0.240972 0.0210938 0.0819444
14 0.436328 0.222222 0.0976562 0.119444
24 0.0195312 0.279167 0.0390625 0.0944444
24 0.816016 0.224306 0.0539063 0.104167
24 0.405078 0.258333 0.0289063 0.0972222
13 0.226953 0.445833 0.103906 0.175
24 0.926953 0.275694 0.0585938 0.109722
14 0.573828 0.195833 0.0929687 0.113889
24 0.374219 0.911111 0.13125 0.177778
15 0.349609 0.30625 0.0773437 0.126389
24 0.06875 0.275694 0.05 0.0819444
24 0.949609 0.621528 0.0960938 0.259722
24 0.382031 0.766667 0.09375 0.3
24 0.443359 0.294444 0.0304688 0.113889
24 0.8875 0.290278 0.0625 0.119444
15 0.165234 0.279167 0.139844 0.102778
24 0.326562 0.377778 0.0984375 0.183333
24 0.0757812 0.443056 0.103125 0.161111
