31 0.542188 0.666667 0.0359375 0.138889
24 0.344922 0.429861 0.0960938 0.181944
24 0.00898437 0.285417 0.0179687 0.0930556
24 0.241797 0.258333 0.0382813 0.0888889
24 0.636719 0.195833 0.0296875 0.0555556
31 0.497656 0.613194 0.0515625 0.184722
37 0.845312 0.177083 0.126563 0.106944
24 0.580078 0.228472 0.0304688 0.0875
23 0.344531 0.329861 0.0234375 0.0152778
24 0.0257812 0.284722 0.05 0.0916667
24 0.0328125 0.902778 0.065625 0.175
24 0.274219 0.370139 0.05 0.156944
24 0.850781 0.234722 0.0515625 0.0861111
24 0.392188 0.26875 0.0265625 0.0986111
24 0.957422 0.281944 0.0601562 0.116667
14 0.955078 0.227778 0.0898438 0.158333
15 0.341016 0.319444 0.0898438 0.133333
24 0.851172 0.534722 0.0742188 0.216667
24 0.434375 0.306944 0.0390625 0.127778
24 0.809375 0.894444 0.220313 0.208333
15 0.109766 0.286111 0.139844 0.102778
24 0.542188 0.861111 0.157813 0.272222
24 0.566406 0.357639 0.0875 0.159722
24 0.221484 0.422222 0.0945313 0.158333
