24 0.644531 0.2125 0.0265625 0.0805556
24 0.882812 0.245833 0.053125 0.0861111
24 0.155469 0.263889 0.0328125 0.0861111
14 0.523438 0.214583 0.0984375 0.115278
13 0.434766 0.427083 0.0976562 0.181944
24 0.236719 0.245139 0.0265625 0.0847222
24 0.555859 0.245139 0.0304688 0.0847222
24 0.989062 0.442361 0.021875 0.170833
24 0.496094 0.254167 0.0328125 0.0888889
24 0.433203 0.325694 0.0429688 0.126389
15 0.346875 0.323611 0.096875 0.133333
24 0.198828 0.266667 0.0445312 0.1
24 0.739062 0.339583 0.0796875 0.148611
24 0.810938 0.48125 0.0640625 0.193056
24 0.248437 0.397917 0.053125 0.1625
15 0.0703125 0.295833 0.139062 0.105556
24 0.601953 0.822917 0.180469 0.340278
24 0.330469 0.411806 0.0859375 0.148611
