23 0.335547 0.33125 0.0179687 0.0152778
37 0.355469 0.229861 0.114063 0.143056
24 0.160938 0.265278 0.0375 0.0861111
23 0.358984 0.351389 0.0429688 0.0305556
24 0.494922 0.247917 0.0335938 0.0930556
15 0.345703 0.329167 0.0960938 0.136111
13 0.423828 0.429167 0.0976562 0.180556
24 0.647266 0.210417 0.0257812 0.0763889
24 0.990625 0.444444 0.01875 0.158333
24 0.712109 0.917361 0.111719 0.159722
24 0.917578 0.233333 0.0289063 0.0888889
24 0.200781 0.931944 0.132812 0.133333
24 0.558984 0.243056 0.0289063 0.0861111
24 0.878906 0.242361 0.0546875 0.0958333
24 0.432422 0.326389 0.0460938 0.130556
24 0.204297 0.270139 0.0492188 0.0958333
14 0.524609 0.214583 0.0929687 0.109722
24 0.608984 0.821528 0.157031 0.323611
24 0.717578 0.342361 0.0820312 0.151389
24 0.248828 0.396528 0.0554687 0.165278
24 0.814062 0.488889 0.0671875 0.191667
15 0.0726563 0.295833 0.14375 0.105556
24 0.317187 0.411806 0.0875 0.154167
