15 0.950781 0.227083 0.0984375 0.154167
24 0.767578 0.158333 0.0304688 0.0361111
24 0.481641 0.222917 0.0304688 0.0625
31 0.492969 0.606944 0.040625 0.183333
15 0.396875 0.244444 0.10625 0.102778
37 0.396875 0.24375 0.107813 0.101389
24 0.643359 0.19375 0.0304688 0.0625
24 0.989844 0.277083 0.0203125 0.0847222
24 0.0179687 0.281944 0.0359375 0.0833333
24 0.0355469 0.284028 0.0492188 0.0902778
13 0.326562 0.43125 0.096875 0.1875
24 0.617969 0.200694 0.03125 0.0763889
24 0.327344 0.428472 0.101562 0.184722
14 0.555078 0.197222 0.0976562 0.119444
24 0.0152344 0.886806 0.0304688 0.215278
24 0.28125 0.369444 0.0515625 0.155556
24 0.585156 0.222222 0.028125 0.0833333
24 0.392578 0.271528 0.0273438 0.0930556
15 0.34375 0.316667 0.0796875 0.136111
31 0.326172 0.430556 0.0929687 0.197222
24 0.946094 0.284028 0.0578125 0.1125
24 0.435156 0.305556 0.0359375 0.125
24 0.854688 0.886111 0.223438 0.225
24 0.859766 0.547222 0.0695312 0.216667
24 0.845703 0.232639 0.0507812 0.0930556
24 0.510938 0.852778 0.14375 0.286111
15 0.11875 0.285417 0.146875 0.101389
24 0.201172 0.422917 0.0960938 0.159722
24 0.532422 0.359722 0.0867188 0.158333
