15 0.967969 0.232639 0.0625 0.106944
23 0.358594 0.336111 0.025 0.0166667
14 0.520703 0.217361 0.103906 0.118056
24 0.639453 0.214583 0.0226563 0.0708333
24 0.176953 0.267361 0.0226563 0.0847222
24 0.202344 0.265972 0.028125 0.0902778
24 0.146484 0.265278 0.0382813 0.0861111
24 0.230078 0.247222 0.0257812 0.0833333
15 0.344531 0.257639 0.107813 0.0986111
13 0.450391 0.425 0.0929687 0.175
24 0.551562 0.247222 0.0296875 0.0833333
24 0.890234 0.242361 0.0554687 0.0930556
24 0.987891 0.430556 0.0242187 0.180556
15 0.344141 0.320833 0.0914062 0.122222
24 0.435547 0.327778 0.0429688 0.125
24 0.76875 0.335417 0.08125 0.148611
24 0.244531 0.404167 0.05625 0.161111
24 0.568359 0.820139 0.174219 0.320833
24 0.348437 0.405556 0.0875 0.152778
15 0.0652344 0.296528 0.130469 0.106944
24 0.807813 0.473611 0.059375 0.188889
