24 0.116016 0.280556 0.0429688 0.0861111
37 0.303125 0.157639 0.0546875 0.0652778
24 0.500391 0.223611 0.0210938 0.0611111
24 0.479297 0.224306 0.0242187 0.0736111
37 0.667969 0.207639 0.10625 0.104167
13 0.476172 0.425 0.0882813 0.169444
15 0.223828 0.274306 0.114844 0.0986111
11 0.956641 0.921528 0.0867188 0.156944
24 0.981641 0.288194 0.0351562 0.115278
24 0.558594 0.225 0.025 0.0777778
24 0.536328 0.234028 0.0242187 0.0847222
24 0.172266 0.375 0.0367187 0.119444
37 0.961719 0.259028 0.0765625 0.115278
24 0.458594 0.263889 0.0328125 0.1
23 0.305859 0.375694 0.0367187 0.0208333
24 0.875781 0.334722 0.065625 0.113889
24 0.314844 0.770139 0.145313 0.293056
24 0.360156 0.338194 0.034375 0.123611
24 0.9125 0.407639 0.05 0.145833
24 0.724219 0.434722 0.059375 0.175
24 0.146094 0.438889 0.053125 0.186111
24 0.399219 0.402778 0.078125 0.141667
15 0.276953 0.347917 0.108594 0.140278
