24 0.242969 0.339583 0.0296875 0.123611
24 0.214453 0.259028 0.0289063 0.0819444
24 0.477734 0.267361 0.0320312 0.0819444
24 0.61875 0.216667 0.0265625 0.0833333
14 0.753516 0.185417 0.116406 0.101389
24 0.479688 0.419444 0.0796875 0.166667
15 0.983594 0.251389 0.0328125 0.108333
31 0.573047 0.661806 0.0492188 0.156944
37 0.753516 0.186806 0.119531 0.106944
24 0.119922 0.270139 0.0351562 0.0791667
24 0.534375 0.25625 0.028125 0.0708333
24 0.177344 0.266667 0.028125 0.075
14 0.499219 0.221528 0.096875 0.1125
24 0.158203 0.276389 0.0429688 0.0916667
24 0.898438 0.244444 0.0546875 0.0944444
14 0.334375 0.302778 0.101562 0.186111
15 0.336328 0.309722 0.0960938 0.180556
13 0.478906 0.422917 0.0875 0.170833
24 0.225781 0.409722 0.053125 0.172222
24 0.83125 0.325694 0.075 0.143056
24 0.425781 0.329861 0.04375 0.129167
24 0.792188 0.452778 0.0578125 0.180556
15 0.0519531 0.300694 0.103906 0.101389
24 0.488672 0.796528 0.160156 0.315278
24 0.98125 0.41875 0.0375 0.156944
24 0.386328 0.393056 0.0835937 0.169444
