11 0.698047 0.343056 0.0945313 0.158333
24 0.983594 0.379167 0.0328125 0.311111
24 0.652734 0.205556 0.0257812 0.0861111
13 0.413672 0.431944 0.0976562 0.186111
31 0.5625 0.6375 0.0484375 0.222222
24 0.166016 0.264583 0.0382813 0.0902778
24 0.98125 0.284722 0.0375 0.113889
14 0.970312 0.236806 0.059375 0.131944
14 0.528125 0.21875 0.096875 0.109722
24 0.276172 0.252778 0.0367187 0.0944444
37 0.372266 0.249306 0.0929687 0.0986111
23 0.352734 0.355556 0.0289063 0.025
24 0.664453 0.911806 0.135156 0.176389
31 0.523438 0.628472 0.0421875 0.218056
15 0.345313 0.325 0.0890625 0.133333
24 0.207813 0.263889 0.04375 0.0944444
24 0.646094 0.826389 0.190625 0.3
24 0.916797 0.234028 0.0320312 0.0902778
24 0.171875 0.927778 0.120312 0.141667
24 0.696875 0.344444 0.0859375 0.155556
24 0.874219 0.24375 0.0515625 0.0875
24 0.433984 0.324306 0.0414063 0.126389
24 0.817578 0.496528 0.0679687 0.190278
24 0.248828 0.396528 0.0429688 0.156944
15 0.0757812 0.294444 0.148438 0.105556
24 0.303906 0.414583 0.090625 0.154167
