24 0.656641 0.1875 0.0226563 0.0638889
27 0.942578 0.0118056 0.0132813 0.0208333
15 0.407422 0.238194 0.110156 0.104167
31 0.525 0.640972 0.0515625 0.215278
15 0.704297 0.179167 0.0632813 0.0861111
24 0.396875 0.26875 0.028125 0.0847222
24 0.629687 0.201389 0.0328125 0.0638889
15 0.564453 0.213194 0.0851562 0.0763889
15 0.853516 0.163194 0.0929687 0.0763889
14 0.407422 0.236806 0.108594 0.101389
23 0.338281 0.347917 0.025 0.0180556
24 0.3 0.40625 0.0953125 0.231944
15 0.96875 0.157639 0.0578125 0.0541667
24 0.593359 0.218056 0.0289063 0.0888889
23 0.339063 0.332639 0.0265625 0.0208333
24 0.0335938 0.277083 0.0546875 0.0902778
24 0.435937 0.304861 0.03125 0.118056
24 0.835938 0.227083 0.05 0.0958333
24 0.978906 0.26875 0.0421875 0.106944
24 0.930078 0.281944 0.0601562 0.113889
24 0.474609 0.363889 0.0867188 0.161111
24 0.88125 0.566667 0.071875 0.222222
15 0.342969 0.313194 0.0828125 0.134722
24 0.910937 0.867361 0.178125 0.265278
24 0.460938 0.820139 0.114063 0.293056
15 0.129297 0.284028 0.146094 0.0986111
24 0.164453 0.423611 0.0992187 0.166667
