31 0.471484 0.621528 0.0414063 0.193056
14 0.567969 0.197222 0.0890625 0.108333
15 0.567578 0.204167 0.0914062 0.0972222
15 0.972656 0.202083 0.053125 0.129167
24 0.404297 0.267361 0.0242187 0.0791667
13 0.251172 0.438194 0.100781 0.1875
37 0.866016 0.175 0.0835937 0.102778
31 0.506641 0.667361 0.0367187 0.154167
24 0.944531 0.276389 0.065625 0.105556
15 0.865234 0.175694 0.0820312 0.101389
24 0.288281 0.247222 0.0390625 0.0916667
24 0.0148437 0.279167 0.0296875 0.0944444
14 0.430469 0.226389 0.114063 0.108333
24 0.410547 0.940972 0.133594 0.1125
24 0.0574219 0.274306 0.0492188 0.0875
24 0.901953 0.285417 0.0632813 0.118056
24 0.922266 0.601389 0.0898438 0.252778
24 0.823828 0.227778 0.0539063 0.0972222
24 0.307422 0.360417 0.0492188 0.148611
24 0.376563 0.388194 0.0921875 0.140278
24 0.442187 0.295139 0.03125 0.115278
24 0.406641 0.777083 0.100781 0.290278
15 0.154297 0.277778 0.144531 0.105556
24 0.105078 0.4375 0.102344 0.158333
