24 0.584766 0.208333 0.0320312 0.0861111
37 0.833594 0.188194 0.142188 0.106944
14 0.96875 0.233333 0.0625 0.147222
24 0.248828 0.247917 0.0289063 0.0791667
24 0.618359 0.204167 0.0289063 0.0694444
24 0.563281 0.239583 0.0296875 0.0819444
24 0.278906 0.25 0.0359375 0.0944444
13 0.407422 0.43125 0.0976562 0.179167
24 0.657422 0.911806 0.139844 0.176389
24 0.979688 0.284722 0.040625 0.111111
14 0.528516 0.214583 0.0914062 0.1125
24 0.248047 0.402083 0.0367187 0.143056
37 0.373828 0.246528 0.0945313 0.0986111
24 0.213281 0.265972 0.0484375 0.0930556
23 0.35 0.35 0.0234375 0.0277778
24 0.653906 0.204861 0.025 0.0847222
24 0.169922 0.264583 0.0367187 0.0902778
24 0.157031 0.923611 0.128125 0.144444
24 0.916016 0.234028 0.0304688 0.0875
24 0.871484 0.245139 0.0507812 0.0875
24 0.686328 0.346528 0.0867188 0.154167
24 0.819922 0.499306 0.0695312 0.195833
24 0.433203 0.322917 0.0398437 0.123611
15 0.346094 0.325694 0.0875 0.134722
24 0.659375 0.845139 0.196875 0.298611
24 0.296875 0.413194 0.0890625 0.156944
15 0.0769531 0.295139 0.152344 0.104167
