31 0.509375 0.625 0.05 0.188889
37 0.966797 0.259722 0.0664062 0.122222
24 0.482422 0.263194 0.0257812 0.0875
14 0.914844 0.244444 0.08125 0.0888889
14 0.967188 0.258333 0.065625 0.119444
24 0.586328 0.222917 0.0257812 0.0736111
32 0.864062 0.0430556 0.028125 0.0277778
24 0.562109 0.231944 0.0273438 0.0833333
13 0.468359 0.429861 0.0867188 0.176389
24 0.151953 0.270833 0.0367187 0.0916667
15 0.259766 0.272917 0.124219 0.101389
24 0.985547 0.293056 0.0289063 0.102778
23 0.323047 0.377083 0.0398437 0.0236111
24 0.197266 0.357639 0.0398437 0.129167
14 0.441797 0.236111 0.0976562 0.116667
24 0.0898438 0.285417 0.0515625 0.101389
15 0.0203125 0.304167 0.040625 0.105556
24 0.851562 0.329861 0.071875 0.143056
24 0.743359 0.445833 0.0585938 0.169444
24 0.932031 0.415972 0.05 0.151389
24 0.378125 0.777778 0.151562 0.313889
15 0.29375 0.345833 0.104687 0.138889
24 0.170703 0.430556 0.0507812 0.175
24 0.385938 0.404861 0.0796875 0.148611
