15 0.862891 0.171528 0.0867188 0.0902778
24 0.600391 0.215972 0.0257812 0.0791667
13 0.519531 0.645833 0.0609375 0.202778
14 0.565625 0.196528 0.0984375 0.118056
23 0.33125 0.275694 0.03125 0.0180556
24 0.282031 0.25 0.04375 0.0888889
13 0.270312 0.440972 0.0984375 0.179167
23 0.351172 0.334722 0.0539063 0.0388889
14 0.419531 0.216667 0.103125 0.127778
24 0.0101562 0.284028 0.0203125 0.0875
31 0.477344 0.618056 0.0375 0.197222
31 0.517578 0.649306 0.0632813 0.201389
24 0.953906 0.924306 0.0921875 0.151389
24 0.0519531 0.275 0.0585938 0.0861111
24 0.440625 0.299306 0.028125 0.1125
24 0.425781 0.804167 0.103125 0.244444
24 0.302734 0.359722 0.0507812 0.152778
24 0.961328 0.272222 0.0585938 0.105556
24 0.828125 0.222222 0.0515625 0.111111
24 0.906641 0.588889 0.0882813 0.247222
24 0.913672 0.286806 0.0617188 0.118056
15 0.144531 0.282639 0.135937 0.0986111
24 0.414062 0.372917 0.0921875 0.159722
24 0.128125 0.434722 0.1 0.152778
