23 0.992188 0.446528 0.015625 0.0291667
15 0.957422 0.229861 0.0539063 0.0930556
23 0.362109 0.336806 0.0257812 0.0208333
24 0.483203 0.270833 0.0320312 0.0694444
23 0.360156 0.329167 0.0265625 0.0194444
31 0.540234 0.254861 0.0195312 0.0625
24 0.628516 0.215972 0.0257812 0.0819444
24 0.128906 0.26875 0.0359375 0.0847222
37 0.756641 0.189583 0.127344 0.106944
24 0.219922 0.252778 0.0289063 0.0833333
24 0.187891 0.267361 0.0257812 0.0902778
15 0.983984 0.249306 0.0320312 0.106944
24 0.169141 0.270833 0.0414063 0.0916667
15 0.332031 0.260417 0.107813 0.106944
24 0.899219 0.238889 0.05625 0.105556
13 0.473437 0.423611 0.090625 0.169444
14 0.509375 0.220833 0.0984375 0.111111
24 0.983594 0.418056 0.0328125 0.166667
24 0.798828 0.459028 0.0570313 0.181944
24 0.429297 0.327083 0.0429688 0.129167
24 0.817187 0.329861 0.0765625 0.145833
15 0.339453 0.329861 0.0914062 0.131944
24 0.233984 0.405556 0.0539063 0.169444
15 0.0578125 0.297917 0.114063 0.104167
24 0.512891 0.800694 0.164844 0.323611
24 0.380078 0.401389 0.0867188 0.155556
