24 0.590625 0.213889 0.03125 0.0694444
14 0.827344 0.184722 0.125 0.105556
14 0.378125 0.247222 0.0921875 0.0916667
23 0.355469 0.342361 0.0328125 0.0236111
24 0.503516 0.247222 0.0304688 0.0888889
37 0.833203 0.186111 0.135156 0.105556
14 0.537109 0.217361 0.0945313 0.106944
24 0.693359 0.845139 0.216406 0.309722
13 0.390625 0.431944 0.0984375 0.186111
37 0.611719 0.115972 0.0703125 0.0986111
24 0.250391 0.246528 0.0226563 0.0819444
24 0.176953 0.2625 0.0335938 0.0888889
24 0.625 0.927778 0.164062 0.138889
24 0.567578 0.241667 0.0289063 0.0777778
15 0.966406 0.24375 0.0671875 0.123611
15 0.378125 0.25 0.090625 0.0916667
24 0.914453 0.229167 0.0320312 0.0944444
24 0.219922 0.264583 0.0414063 0.0930556
24 0.976172 0.285417 0.0476562 0.118056
24 0.111719 0.915972 0.11875 0.1625
15 0.346094 0.325694 0.090625 0.1375
24 0.866406 0.236111 0.05 0.0972222
24 0.435937 0.321528 0.04375 0.126389
24 0.825781 0.509028 0.06875 0.204167
24 0.654297 0.35 0.0835937 0.15
24 0.276953 0.413194 0.0929687 0.1625
15 0.0835937 0.29375 0.151562 0.101389
