15 0.951953 0.229861 0.0476562 0.0902778
14 0.757031 0.186806 0.123438 0.104167
24 0.480859 0.264583 0.0320312 0.0847222
23 0.991016 0.449306 0.0179687 0.0291667
12 0.755859 0.188194 0.124219 0.104167
37 0.755469 0.188889 0.123438 0.108333
15 0.836719 0.175 0.0484375 0.0527778
24 0.20625 0.256944 0.015625 0.0805556
24 0.182422 0.267361 0.0257812 0.0875
31 0.538672 0.252778 0.0210938 0.0694444
24 0.125 0.266667 0.0375 0.0888889
24 0.222656 0.254861 0.03125 0.0930556
15 0.983594 0.250694 0.0328125 0.106944
31 0.545703 0.61875 0.0414063 0.204167
24 0.164844 0.272917 0.04375 0.0930556
24 0.623047 0.217361 0.0289063 0.0819444
15 0.326562 0.259722 0.114063 0.102778
24 0.899609 0.244444 0.0554687 0.0916667
31 0.573047 0.658333 0.0414063 0.166667
24 0.982031 0.416667 0.0359375 0.163889
15 0.337891 0.33125 0.0914062 0.134722
24 0.427344 0.329861 0.0421875 0.134722
14 0.50625 0.220139 0.1 0.1125
24 0.825781 0.327083 0.0734375 0.1375
24 0.795313 0.454167 0.05625 0.180556
24 0.230859 0.410417 0.0570313 0.165278
13 0.476172 0.423611 0.0898438 0.172222
24 0.501562 0.796528 0.1625 0.323611
15 0.0546875 0.300694 0.109375 0.104167
24 0.383594 0.398611 0.084375 0.158333
