13 0.239844 0.443056 0.103125 0.175
31 0.468359 0.620833 0.0507812 0.208333
14 0.433594 0.227083 0.103125 0.115278
15 0.86875 0.170833 0.0765625 0.0888889
24 0.291406 0.247222 0.0375 0.0916667
14 0.971484 0.188194 0.0570313 0.145833
15 0.342187 0.302778 0.0921875 0.119444
14 0.570703 0.194444 0.0929687 0.113889
24 0.937109 0.277083 0.0601562 0.109722
24 0.0164062 0.280556 0.0328125 0.0972222
24 0.894531 0.288889 0.065625 0.119444
24 0.390625 0.913194 0.134375 0.168056
24 0.442578 0.297222 0.0289063 0.108333
24 0.0613281 0.275 0.0492188 0.0833333
24 0.819922 0.229861 0.0554687 0.0958333
24 0.347656 0.383333 0.103125 0.158333
24 0.393359 0.7875 0.0960938 0.255556
24 0.936328 0.614583 0.0914062 0.2625
15 0.157422 0.278472 0.136719 0.104167
24 0.0898438 0.440278 0.103125 0.155556
