24 0.392188 0.333333 0.034375 0.116667
15 0.64375 0.202778 0.046875 0.0583333
24 0.316016 0.194444 0.0179687 0.05
12 0.969922 0.249306 0.0601562 0.106944
24 0.439063 0.278472 0.021875 0.0708333
14 0.712891 0.198611 0.116406 0.116667
15 0.370313 0.190278 0.0359375 0.05
37 0.709766 0.200694 0.119531 0.115278
24 0.989844 0.286806 0.0203125 0.106944
24 0.578125 0.226389 0.025 0.0777778
24 0.112891 0.281944 0.0585938 0.0972222
23 0.333203 0.372917 0.0445312 0.0208333
13 0.471484 0.425 0.0867188 0.169444
24 0.498047 0.25625 0.0257812 0.0819444
24 0.170312 0.263889 0.040625 0.0916667
14 0.926953 0.239583 0.0804688 0.0875
14 0.459766 0.227778 0.110156 0.116667
24 0.207813 0.348611 0.040625 0.136111
15 0.28125 0.263889 0.125 0.105556
14 0.971484 0.251389 0.0570313 0.111111
24 0.407031 0.799306 0.153125 0.273611
15 0.305469 0.336111 0.104687 0.144444
24 0.756641 0.445139 0.0554687 0.170833
15 0.0292969 0.301389 0.0570313 0.105556
24 0.946875 0.411806 0.0546875 0.154167
24 0.186328 0.422917 0.0523437 0.173611
24 0.845703 0.328472 0.0726563 0.1375
24 0.386719 0.400694 0.0796875 0.145833
