24 0.597266 0.210417 0.0320312 0.0680556
37 0.346094 0.326389 0.0859375 0.144444
14 0.382422 0.231944 0.103906 0.127778
24 0.570312 0.238194 0.0234375 0.0708333
24 0.185547 0.259722 0.0382813 0.0888889
13 0.374609 0.433333 0.0976562 0.180556
23 0.356641 0.355556 0.0273438 0.0166667
31 0.510938 0.623611 0.0453125 0.213889
24 0.389453 0.278472 0.0226563 0.0930556
15 0.833203 0.184028 0.121094 0.106944
15 0.344141 0.325 0.0851562 0.138889
24 0.0144531 0.29375 0.0289063 0.0902778
15 0.962109 0.226389 0.0757812 0.141667
31 0.552344 0.625 0.0546875 0.252778
24 0.9125 0.226389 0.03125 0.0916667
24 0.277344 0.314583 0.0375 0.120833
24 0.0707031 0.911111 0.128906 0.169444
24 0.433203 0.317361 0.0429688 0.126389
24 0.859375 0.238889 0.0515625 0.0916667
24 0.971094 0.282639 0.05625 0.118056
24 0.584766 0.913194 0.142969 0.168056
24 0.229687 0.263194 0.0421875 0.0930556
24 0.737109 0.85 0.203906 0.3
24 0.622656 0.352083 0.0859375 0.156944
24 0.835156 0.51875 0.065625 0.204167
24 0.257422 0.415972 0.0914062 0.156944
15 0.09375 0.292361 0.146875 0.104167
