15 0.359635 0.672222 0.0484375 0.0666667
15 0.439583 0.65463 0.0510417 0.0944444
15 0.484896 0.599537 0.04375 0.0731481
12 0.440104 0.655093 0.0520833 0.0935185
15 0.416667 0.748148 0.0645833 0.0777778
12 0.484896 0.599074 0.0416667 0.0740741
15 0.578125 0.5625 0.0302083 0.0490741
15 0.579687 0.510185 0.0270833 0.0444444
15 0.480208 0.97037 0.0979167 0.0555556
14 0.442187 0.513426 0.05625 0.0990741
15 0.397656 0.831944 0.0859375 0.165741
15 0.65651 0.766667 0.0557292 0.0888889
14 0.466146 0.563426 0.0375 0.0787037
15 0.384375 0.701852 0.065625 0.0574074
15 0.586979 0.595833 0.0322917 0.0546296
15 0.390104 0.945833 0.0916667 0.10463
15 0.531771 0.629167 0.0416667 0.0675926
15 0.311458 0.796759 0.0625 0.121296
15 0.408333 0.583333 0.0520833 0.0518519
15 0.755729 0.805556 0.0760417 0.101852
24 0.484375 0.64537 0.0177083 0.0648148
15 0.723177 0.925463 0.0880208 0.14537
15 0.478646 0.752778 0.06875 0.0851852
14 0.573177 0.787037 0.133854 0.244444
15 0.676042 0.834259 0.0729167 0.109259
14 0.529688 0.556481 0.0520833 0.112963
15 0.613281 0.947222 0.0963542 0.101852
14 0.646875 0.661574 0.121875 0.160185
