12 0.465104 0.555093 0.0354167 0.0768519
15 0.443229 0.549537 0.0291667 0.0453704
23 0.680208 0.83287 0.0177083 0.0157407
15 0.311458 0.7875 0.0635417 0.128704
15 0.491927 0.494907 0.0276042 0.0509259
24 0.501562 0.683796 0.0229167 0.087963
14 0.441927 0.505093 0.0546875 0.100926
15 0.533854 0.622685 0.04375 0.0675926
15 0.359115 0.664352 0.0484375 0.0675926
15 0.578906 0.504167 0.0244792 0.0416667
15 0.586198 0.5875 0.0348958 0.0583333
14 0.528646 0.547685 0.0510417 0.115741
15 0.720833 0.915741 0.0875 0.15
15 0.577344 0.555093 0.0307292 0.0490741
15 0.486198 0.593056 0.0432292 0.0694444
24 0.483333 0.631481 0.0177083 0.0685185
15 0.614323 0.941667 0.0953125 0.116667
14 0.64349 0.655093 0.117188 0.15463
15 0.655729 0.755556 0.0583333 0.087037
15 0.54974 0.603241 0.0348958 0.0546296
15 0.477865 0.747685 0.0703125 0.087963
15 0.410937 0.577315 0.0510417 0.0490741
15 0.752865 0.793981 0.0755208 0.10463
14 0.571615 0.774074 0.128646 0.246296
15 0.440625 0.646759 0.053125 0.0935185
15 0.673698 0.825463 0.0713542 0.102778
