15 0.564323 0.54213 0.0255208 0.0435185
15 0.483854 0.602778 0.04375 0.0740741
14 0.465885 0.568056 0.0401042 0.0768519
15 0.402865 0.814352 0.0921875 0.189815
15 0.660937 0.768519 0.0520833 0.0796296
15 0.749219 0.765741 0.0661458 0.0759259
15 0.491406 0.499074 0.0276042 0.0425926
15 0.511198 0.482407 0.0244792 0.0425926
15 0.578646 0.571296 0.0291667 0.0481481
15 0.358854 0.669907 0.0479167 0.0731481
15 0.391406 0.702315 0.0682292 0.0546296
15 0.58125 0.513889 0.0302083 0.0444444
24 0.488281 0.650926 0.0182292 0.0703704
15 0.589063 0.598611 0.03125 0.0509259
14 0.440885 0.51713 0.0567708 0.108333
15 0.480208 0.971296 0.0979167 0.0537037
15 0.408333 0.584259 0.053125 0.0518519
15 0.310937 0.796296 0.0625 0.125926
15 0.551042 0.613426 0.0322917 0.0546296
15 0.480208 0.757407 0.0677083 0.0925926
15 0.439063 0.65787 0.0520833 0.0972222
15 0.529167 0.631944 0.0375 0.0657407
15 0.389844 0.946759 0.0921875 0.102778
15 0.758333 0.811574 0.0770833 0.10463
15 0.677083 0.837963 0.0729167 0.107407
14 0.530469 0.556481 0.0526042 0.103704
14 0.652083 0.666667 0.11875 0.162963
15 0.725781 0.930093 0.0880208 0.137963
15 0.614323 0.950926 0.0973958 0.0944444
14 0.575781 0.793519 0.134896 0.244444
