15 0.359896 0.639352 0.0458333 0.0805556
15 0.382031 0.679167 0.0651042 0.0638889
24 0.502344 0.655556 0.0223958 0.0777778
14 0.465625 0.541204 0.0375 0.0768519
15 0.804427 0.845833 0.0901042 0.115741
12 0.453906 0.846759 0.129688 0.175
15 0.551823 0.582407 0.0328125 0.05
15 0.314323 0.777315 0.0609375 0.123148
15 0.584896 0.566204 0.0333333 0.0527778
15 0.392448 0.935185 0.0921875 0.127778
14 0.44349 0.49213 0.0557292 0.0990741
24 0.483333 0.610648 0.0177083 0.0657407
15 0.575 0.534259 0.0302083 0.0444444
15 0.413281 0.562963 0.0546875 0.0537037
15 0.535677 0.605556 0.0463542 0.0666667
15 0.403125 0.791667 0.0947917 0.196296
15 0.751042 0.773148 0.0760417 0.101852
15 0.479948 0.959259 0.101562 0.0814815
15 0.488802 0.574537 0.0432292 0.0694444
14 0.527344 0.530093 0.0526042 0.110185
15 0.442448 0.625463 0.0515625 0.0898148
15 0.477865 0.725463 0.0703125 0.0842593
15 0.652344 0.7375 0.0588542 0.0898148
15 0.615365 0.931019 0.0932292 0.134259
15 0.672656 0.803241 0.0703125 0.102778
15 0.716927 0.889352 0.0859375 0.14537
14 0.569271 0.75463 0.122917 0.233333
14 0.63776 0.62963 0.114063 0.148148
