15 0.492969 0.551852 0.0401042 0.0666667
15 0.583594 0.537963 0.0338542 0.0518519
15 0.444792 0.600926 0.05 0.087037
15 0.714323 0.856481 0.0859375 0.148148
15 0.417448 0.544444 0.0515625 0.0518519
15 0.554427 0.562037 0.0328125 0.0518519
15 0.535417 0.582407 0.04375 0.0685185
14 0.445052 0.469907 0.0578125 0.0953704
14 0.638281 0.613889 0.104687 0.159259
14 0.528125 0.509259 0.053125 0.103704
15 0.670573 0.778704 0.0692708 0.101852
15 0.64974 0.711111 0.0598958 0.0851852
14 0.566146 0.725 0.119792 0.237037
