15 0.417708 0.546296 0.0520833 0.0518519
15 0.583073 0.543056 0.0348958 0.0527778
15 0.554167 0.564815 0.0333333 0.0518519
15 0.746354 0.742593 0.06875 0.107407
15 0.714583 0.860185 0.0854167 0.148148
15 0.444531 0.60463 0.0505208 0.087037
15 0.492969 0.555093 0.0411458 0.0638889
15 0.536198 0.584259 0.0442708 0.0703704
14 0.44349 0.472685 0.0578125 0.0972222
14 0.638542 0.6125 0.1 0.149074
14 0.527604 0.5125 0.053125 0.102778
15 0.65026 0.713889 0.0598958 0.0888889
15 0.670833 0.781482 0.06875 0.101852
14 0.566667 0.725926 0.119792 0.240741
