15 0.434635 0.555556 0.0348958 0.0425926
15 0.491667 0.500926 0.028125 0.0462963
15 0.75 0.766667 0.0666667 0.0777778
15 0.33776 0.74213 0.0869792 0.0805556
15 0.400521 0.827778 0.090625 0.177778
15 0.511458 0.482407 0.0239583 0.0425926
14 0.465365 0.567593 0.0390625 0.0777778
15 0.589844 0.600926 0.0317708 0.0537037
15 0.58151 0.514815 0.0286458 0.0444444
15 0.565365 0.544907 0.0255208 0.0435185
15 0.445052 0.862963 0.124479 0.162963
24 0.490625 0.653704 0.0197917 0.0722222
15 0.359115 0.672685 0.0473958 0.0638889
15 0.392448 0.706019 0.0692708 0.062037
14 0.440885 0.514352 0.0567708 0.100926
15 0.551042 0.613889 0.0322917 0.0555556
15 0.480469 0.971296 0.0984375 0.0537037
15 0.408333 0.583333 0.0541667 0.0518519
15 0.528906 0.631944 0.0369792 0.0657407
15 0.48151 0.75787 0.0661458 0.0898148
15 0.310677 0.797222 0.0640625 0.122222
15 0.483333 0.602315 0.0427083 0.0712963
15 0.439063 0.658333 0.053125 0.0981481
15 0.390104 0.946759 0.0916667 0.102778
14 0.530469 0.556481 0.0546875 0.105556
15 0.759115 0.813889 0.0776042 0.107407
15 0.678385 0.840278 0.0723958 0.108333
15 0.727344 0.931481 0.0901042 0.135185
15 0.614844 0.951852 0.0973958 0.0907407
14 0.652344 0.665741 0.119271 0.162963
14 0.577865 0.79537 0.135937 0.242593
