15 0.574219 0.512963 0.0286458 0.0407407
12 0.459115 0.828704 0.130729 0.177778
15 0.416927 0.55 0.0505208 0.0537037
15 0.617969 0.915278 0.0901042 0.149074
24 0.485156 0.590278 0.0171875 0.0657407
15 0.553646 0.568056 0.034375 0.0546296
15 0.480469 0.948611 0.102604 0.0990741
15 0.714844 0.862963 0.0859375 0.15
15 0.5375 0.5875 0.0447917 0.0694444
14 0.635677 0.610185 0.0963542 0.138889
14 0.443229 0.475 0.0572917 0.0944444
15 0.584375 0.544907 0.0322917 0.0527778
15 0.444531 0.606944 0.0505208 0.087963
15 0.746875 0.751389 0.06875 0.0953704
15 0.491927 0.55787 0.0432292 0.062037
15 0.650521 0.717593 0.0614583 0.0888889
14 0.527344 0.513889 0.0536458 0.103704
15 0.671094 0.784722 0.0703125 0.100926
14 0.566927 0.731944 0.120312 0.239815
