15 0.578906 0.493519 0.0255208 0.0425926
15 0.338542 0.72037 0.096875 0.0777778
14 0.465365 0.548611 0.0380208 0.0731481
15 0.492188 0.493519 0.0270833 0.062963
12 0.451823 0.849074 0.129688 0.174074
14 0.442969 0.49537 0.0546875 0.111111
15 0.552344 0.587963 0.0328125 0.0518519
15 0.370573 0.57963 0.0442708 0.0537037
15 0.451562 0.849537 0.130208 0.176852
15 0.575 0.538426 0.0302083 0.0453704
15 0.40026 0.806019 0.0869792 0.178704
14 0.527344 0.538889 0.0526042 0.118519
15 0.41276 0.566204 0.0515625 0.0527778
15 0.382031 0.68287 0.0671875 0.0638889
15 0.360156 0.647222 0.0463542 0.0685185
24 0.483073 0.616667 0.0171875 0.0666667
15 0.479427 0.960648 0.100521 0.0787037
15 0.585417 0.569907 0.0322917 0.0527778
15 0.541667 0.610648 0.0572917 0.0694444
15 0.391927 0.937037 0.0911458 0.124074
15 0.488021 0.577778 0.0416667 0.0685185
15 0.442448 0.628704 0.0515625 0.0888889
15 0.313802 0.780093 0.0609375 0.121296
15 0.751562 0.774074 0.078125 0.105556
15 0.615104 0.931944 0.09375 0.132407
15 0.652604 0.742593 0.0583333 0.0925926
15 0.672396 0.808333 0.0708333 0.101852
15 0.477604 0.73287 0.0708333 0.0898148
14 0.6375 0.631019 0.115625 0.14537
15 0.717448 0.895833 0.0869792 0.14537
14 0.569531 0.760648 0.123438 0.232407
