15 0.403906 0.546759 0.0307292 0.037963
14 0.442448 0.504167 0.0557292 0.0972222
15 0.38125 0.690741 0.071875 0.0555556
15 0.311458 0.790741 0.0635417 0.124074
24 0.501823 0.686111 0.0223958 0.0888889
15 0.578906 0.505093 0.0255208 0.0416667
15 0.533333 0.622685 0.04375 0.0657407
15 0.442708 0.550463 0.028125 0.0453704
15 0.586719 0.588889 0.0328125 0.0555556
15 0.359375 0.661574 0.0479167 0.075
15 0.577344 0.556481 0.0307292 0.0481481
15 0.721094 0.91713 0.0869792 0.150926
15 0.54974 0.603704 0.0348958 0.0537037
15 0.486458 0.593518 0.0427083 0.0685185
15 0.613542 0.940741 0.09375 0.114815
14 0.64401 0.655556 0.117188 0.155556
24 0.483594 0.633796 0.0171875 0.0675926
15 0.655469 0.756019 0.0598958 0.0861111
14 0.572135 0.776389 0.129688 0.24537
15 0.477604 0.748611 0.0708333 0.087963
15 0.410937 0.57963 0.0489583 0.0481481
15 0.440365 0.646759 0.0526042 0.0953704
15 0.752604 0.794907 0.0739583 0.10463
14 0.529427 0.549074 0.0494792 0.112963
15 0.674219 0.826389 0.0713542 0.102778
