15 0.574479 0.549074 0.0270833 0.0444444
15 0.3125 0.7875 0.0625 0.115741
15 0.4875 0.586574 0.04375 0.0675926
15 0.551042 0.599537 0.034375 0.0546296
15 0.536198 0.618981 0.0484375 0.0694444
14 0.442969 0.502315 0.0567708 0.102778
24 0.502083 0.678704 0.0229167 0.0907407
24 0.483854 0.626852 0.0177083 0.0666667
15 0.579427 0.499074 0.0244792 0.0407407
14 0.640885 0.639352 0.115104 0.14537
15 0.719531 0.906482 0.0869792 0.148148
15 0.585417 0.581481 0.034375 0.0555556
15 0.614323 0.938889 0.0942708 0.122222
15 0.409896 0.570833 0.0520833 0.0564815
15 0.478125 0.743519 0.06875 0.0925926
15 0.752344 0.784259 0.0755208 0.109259
14 0.528125 0.544907 0.053125 0.117593
15 0.440625 0.638889 0.053125 0.0925926
15 0.653125 0.753704 0.0604167 0.0888889
15 0.673437 0.819907 0.0697917 0.10463
14 0.569792 0.770833 0.125 0.241667
