14 0.441927 0.502315 0.0557292 0.0990741
15 0.563021 0.525926 0.025 0.0407407
12 0.465885 0.55463 0.0369792 0.0777778
14 0.527865 0.54537 0.0546875 0.12037
14 0.642187 0.649074 0.117708 0.157407
24 0.501823 0.681944 0.0234375 0.0916667
15 0.550521 0.601852 0.034375 0.0574074
15 0.576563 0.553241 0.0302083 0.0490741
24 0.483854 0.62963 0.0177083 0.0685185
15 0.585938 0.584259 0.0354167 0.0574074
15 0.578906 0.501389 0.0244792 0.0416667
15 0.48724 0.589352 0.0432292 0.0675926
15 0.478385 0.74537 0.0703125 0.0888889
15 0.614062 0.941204 0.09375 0.117593
15 0.719792 0.910185 0.0864583 0.148148
15 0.410677 0.574074 0.0515625 0.0537037
15 0.440885 0.642593 0.0526042 0.0925926
15 0.752604 0.790278 0.075 0.106481
15 0.654688 0.753704 0.0572917 0.087037
14 0.571354 0.773148 0.127083 0.244444
15 0.673698 0.823611 0.0703125 0.102778
