15 0.435417 0.555556 0.034375 0.0425926
15 0.580208 0.572222 0.03125 0.0481481
15 0.491667 0.5 0.028125 0.0444444
15 0.338021 0.74213 0.0864583 0.0805556
15 0.749479 0.76713 0.0666667 0.0787037
15 0.565104 0.543981 0.0260417 0.0435185
15 0.511458 0.48287 0.0239583 0.0416667
15 0.444792 0.863889 0.125 0.164815
14 0.465625 0.567593 0.0385417 0.0777778
15 0.58125 0.514352 0.0291667 0.0453704
15 0.4 0.830556 0.0895833 0.172222
24 0.490104 0.653241 0.0197917 0.0712963
15 0.359115 0.672222 0.0473958 0.0648148
15 0.589583 0.600926 0.03125 0.0537037
14 0.440885 0.513889 0.0567708 0.1
15 0.392188 0.706481 0.06875 0.0611111
15 0.480208 0.971296 0.0979167 0.0537037
15 0.550781 0.613889 0.0328125 0.0555556
15 0.408594 0.583333 0.0546875 0.0518519
15 0.529427 0.632407 0.0380208 0.0666667
15 0.48125 0.756944 0.0666667 0.0916667
15 0.310937 0.797685 0.0635417 0.121296
15 0.483333 0.602778 0.0427083 0.0703704
15 0.390104 0.946759 0.0916667 0.102778
15 0.439063 0.658796 0.053125 0.0972222
15 0.758594 0.813426 0.0776042 0.106481
14 0.530208 0.556481 0.0541667 0.105556
15 0.678125 0.839352 0.071875 0.108333
15 0.726823 0.931481 0.0901042 0.135185
14 0.652344 0.665741 0.119271 0.162963
15 0.614583 0.951389 0.0979167 0.0916667
14 0.576823 0.79537 0.134896 0.242593
