15 0.659375 0.770833 0.0541667 0.0842593
12 0.484375 0.602315 0.0427083 0.0731481
14 0.465885 0.568056 0.0401042 0.0768519
15 0.577344 0.571296 0.0265625 0.0481481
15 0.491667 0.5 0.0270833 0.0444444
15 0.510938 0.481944 0.0239583 0.0416667
15 0.359115 0.669444 0.0473958 0.0722222
15 0.748177 0.764815 0.0661458 0.0759259
15 0.580469 0.513426 0.0286458 0.0453704
15 0.389583 0.701389 0.0666667 0.0564815
24 0.48776 0.649537 0.0182292 0.0675926
14 0.441146 0.516204 0.05625 0.10463
15 0.588281 0.598611 0.0307292 0.0509259
15 0.480208 0.971296 0.0979167 0.0537037
15 0.439063 0.657407 0.0520833 0.0962963
15 0.408594 0.584259 0.0536458 0.0518519
15 0.551042 0.612963 0.0322917 0.0537037
15 0.528906 0.631019 0.0369792 0.0657407
15 0.389844 0.946759 0.0921875 0.102778
15 0.311198 0.796759 0.0619792 0.125
15 0.479688 0.755556 0.06875 0.0907407
15 0.758073 0.809722 0.0765625 0.102778
15 0.677344 0.837963 0.0734375 0.111111
14 0.530729 0.555556 0.0520833 0.105556
15 0.72526 0.92963 0.0880208 0.138889
14 0.650521 0.665278 0.120833 0.162037
15 0.613802 0.950463 0.0973958 0.0953704
14 0.574479 0.792593 0.135417 0.244444
