14 0.465885 0.550926 0.0380208 0.0759259
15 0.380729 0.684722 0.071875 0.0601852
15 0.313281 0.785648 0.0609375 0.117593
15 0.550781 0.595833 0.0348958 0.0527778
24 0.502865 0.675463 0.0234375 0.0935185
15 0.53776 0.617593 0.0494792 0.0666667
15 0.579167 0.497685 0.025 0.0416667
14 0.442969 0.501389 0.0557292 0.106481
24 0.483333 0.624074 0.0177083 0.0685185
15 0.4875 0.584722 0.040625 0.0675926
15 0.585677 0.578704 0.0338542 0.0537037
15 0.614583 0.9375 0.0947917 0.125
15 0.752083 0.779167 0.0770833 0.110185
15 0.410417 0.57037 0.0520833 0.0537037
14 0.527604 0.541667 0.053125 0.116667
15 0.477865 0.741667 0.0692708 0.0962963
15 0.71875 0.902315 0.0875 0.149074
14 0.639844 0.638426 0.117188 0.147222
15 0.653125 0.75 0.0583333 0.0888889
15 0.672917 0.815278 0.0708333 0.106481
15 0.441406 0.635648 0.0526042 0.0916667
14 0.569531 0.76713 0.125521 0.239815
