15 0.416667 0.431118 0.0400844 0.0583468
24 0.738397 0.907618 0.0801688 0.175041
24 0.771097 0.461912 0.0189873 0.0648298
24 0.703059 0.49919 0.0369198 0.0940032
15 0.733122 0.512966 0.0443038 0.0794165
24 0.350738 0.455429 0.0200422 0.0680713
24 0.744198 0.628039 0.0601266 0.160454
24 0.793249 0.510535 0.0274262 0.0810373
31 0.871835 0.71718 0.0474684 0.176661
24 0.267405 0.675851 0.0390295 0.142626
24 0.12289 0.69611 0.0432489 0.166937
15 0.435654 0.568882 0.0654008 0.119935
37 0.620781 0.566451 0.10865 0.212318
24 0.0580169 0.925446 0.0843882 0.145867
24 0.371835 0.487034 0.0242616 0.0794165
24 0.376582 0.660454 0.0400844 0.141005
24 0.872363 0.713128 0.0485232 0.184765
24 0.195148 0.666937 0.0421941 0.141005
24 0.236287 0.687196 0.0400844 0.178282
15 0.470464 0.43517 0.0400844 0.0534846
24 0.691456 0.78282 0.0495781 0.178282
24 0.825422 0.854133 0.0580169 0.204214
24 0.635021 0.740681 0.0464135 0.168558
24 0.341245 0.573744 0.0390295 0.116694
24 0.601793 0.773906 0.0685654 0.19611
24 0.0685654 0.790924 0.0611814 0.171799
24 0.929852 0.806321 0.0516878 0.163695
24 0.308544 0.628849 0.0348101 0.136143
24 0.563291 0.63128 0.0843882 0.128039
24 0.182489 0.798217 0.056962 0.176661
15 0.443565 0.497569 0.0770042 0.100486
