37 0.182031 0.205556 0.05625 0.0722222
24 0.316016 0.323611 0.0445312 0.147222
24 0.711719 0.266667 0.0484375 0.108333
24 0.491016 0.281944 0.0429688 0.133333
24 0.844531 0.302083 0.0671875 0.148611
24 0.0710938 0.300694 0.0390625 0.129167
24 0.0140625 0.336111 0.028125 0.183333
15 0.541016 0.215972 0.0804688 0.0763889
24 0.444531 0.254167 0.0296875 0.102778
24 0.480469 0.728472 0.153125 0.295833
24 0.536328 0.422222 0.0835937 0.194444
15 0.291797 0.288889 0.105469 0.138889
24 0.151562 0.255556 0.0640625 0.102778
24 0.179688 0.339583 0.0390625 0.151389
15 0.382031 0.236806 0.09375 0.0819444
