24 0.743671 0.729335 0.0527426 0.139384
15 0.408228 0.387358 0.0316456 0.0388979
24 0.698312 0.504052 0.035865 0.0907618
24 0.816456 0.740681 0.0443038 0.119935
15 0.628692 0.341977 0.0379747 0.0486224
24 0.733122 0.505673 0.0464135 0.100486
31 0.742089 0.813614 0.0474684 0.106969
15 0.579641 0.333063 0.0348101 0.0372771
24 0.35865 0.639384 0.0337553 0.124797
24 0.890823 0.592382 0.0390295 0.121556
24 0.0580169 0.936791 0.0822785 0.123177
24 0.196203 0.676661 0.0443038 0.115073
24 0.26635 0.686386 0.0348101 0.111831
24 0.374473 0.484603 0.0295359 0.0810373
24 0.237342 0.711507 0.035865 0.113452
24 0.792194 0.509724 0.0274262 0.089141
15 0.43038 0.510535 0.0654008 0.0940032
24 0.810654 0.65316 0.0369198 0.119935
24 0.870781 0.726904 0.0411392 0.150729
24 0.637131 0.73987 0.0443038 0.153971
24 0.599156 0.779579 0.0590717 0.175041
37 0.593882 0.454619 0.0822785 0.179903
24 0.308017 0.641815 0.0337553 0.110211
24 0.689873 0.78363 0.0506329 0.17342
24 0.378165 0.666126 0.0369198 0.136143
24 0.737342 0.888169 0.07173 0.223663
37 0.628165 0.570502 0.10865 0.207455
24 0.0685654 0.80389 0.0590717 0.145867
24 0.122363 0.71799 0.0400844 0.113452
24 0.180907 0.811994 0.0559072 0.145867
24 0.92827 0.814425 0.0506329 0.144246
24 0.825949 0.858185 0.0548523 0.192869
24 0.564873 0.632901 0.085443 0.121556
