24 0.571224 0.421296 0.0356771 0.124074
24 0.513411 0.57662 0.0585938 0.236574
24 0.155859 0.39537 0.0549479 0.0740741
24 0.164714 0.473611 0.0632813 0.105556
15 0.316536 0.465741 0.130469 0.160185
24 0.213932 0.394213 0.0440104 0.0782407
24 0.363021 0.688194 0.0479167 0.193056
24 0.153255 0.643287 0.115365 0.266204
24 0.974219 0.354398 0.040625 0.0884259
24 0.850521 0.316435 0.0369792 0.0902778
24 0.281641 0.564815 0.0440104 0.210185
15 0.950521 0.466898 0.0989583 0.173611
24 0.358854 0.604861 0.0572917 0.340278
24 0.246094 0.598148 0.0463542 0.187037
24 0.204167 0.55787 0.046875 0.184259
24 0.833203 0.494444 0.133594 0.162963
24 0.314193 0.549769 0.0450521 0.197685
24 0.802734 0.841435 0.133073 0.298611
24 0.280078 0.845602 0.133594 0.303241
24 0.691536 0.463657 0.0513021 0.204167
24 0.458854 0.566204 0.0526042 0.248148
24 0.633464 0.414352 0.0309896 0.127778
24 0.59974 0.50787 0.05 0.187963
24 0.414323 0.615509 0.0557292 0.253241
